4
40000 40000 40000 40000 
12
22821 0 -
13741 1400 B
22761 340 C
22871 1490 E
22912 3500 A
23081 950 B
33141 1490 C
33231 1490 D
33431 740 E
561494 340 A
561566 140 B
561571 340 C
0 13446 2381 3155 376 11184 5500 4500 5267 16271 5795 4500 

0 15527 3120 4720 376 13265 7720 6720 7733 19393 6473 5092 
15527 0 13992 13218 17724 4683 12909 11909 13946 3977 19775 15613 
3120 13992 0 3864 2758 12408 6208 5208 15544 18536 10420 8912 
4720 13218 3864 0 4505 8544 2344 1344 11680 14672 6556 5048 
376 17724 2758 4505 0 12888 7343 6343 7356 19016 6097 4715 
13265 4683 12408 8544 12888 0 10746 9746 11783 8571 17612 13450 
7720 12909 6208 2344 7343 10746 0 1000 8035 11812 9556 4704 
6720 11909 5208 1344 6343 9746 1000 0 9035 12812 8556 3704 
7733 13946 15544 11680 7356 11783 8035 9035 0 13579 9323 4471 
19393 3977 18536 14672 19016 8571 11812 12812 13579 0 22712 18550 
6473 19775 10420 6556 6097 17612 9556 8556 9323 22712 0 12426 
5092 15613 8912 5048 4715 13450 4704 3704 4471 18550 12426 0 

0 13962 2381 3155 376 11700 8259 4500 5572 17828 6464 6065 
13962 0 11594 10820 16016 5510 7945 9511 10583 3977 18067 13215 
2381 11594 0 3864 2758 12408 8967 5208 6280 18536 10420 6773 
3155 10820 3864 0 3532 8544 5103 1344 2416 14672 6556 2909 
376 16016 2758 3532 0 12077 8636 4877 5949 18205 6097 6442 
11700 5510 12408 8544 12077 0 5684 7249 8321 6775 15805 10953 
8259 7945 8967 5103 8636 5684 0 1000 2072 14363 9556 4704 
4500 9511 5208 1344 4877 7249 1000 0 1072 13363 8556 3704 
5572 10583 6280 2416 5949 8321 2072 1072 0 14130 9323 4471 
17828 3977 18536 14672 18205 6775 14363 13363 14130 0 20892 16040 
6464 18067 10420 6556 6097 15805 9556 8556 9323 20892 0 6928 
6065 13215 6773 2909 6442 10953 4704 3704 4471 16040 6928 0 

0 13962 2381 3155 376 11700 5500 4500 5572 16899 19841 6065 
13962 0 11594 10820 14353 4437 10511 9511 10583 2937 16565 13730 
2381 11594 0 3864 2758 12408 6208 5208 6280 17607 25610 6773 
3155 10820 3864 0 3532 8544 2344 1344 2416 13743 5744 2909 
376 14353 2758 3532 0 12062 5862 4862 5934 17261 19464 6426 
11700 4437 12408 8544 12062 0 8249 7249 8321 5846 14303 11468 
5500 10511 6208 2344 5862 8249 0 1000 2072 13434 8089 5253 
4500 9511 5208 1344 4862 7249 1000 0 1072 12434 7089 4253 
5572 10583 6280 2416 5934 8321 2072 1072 0 13201 7856 5020 
16899 2937 17607 13743 17261 5846 13434 12434 13201 0 19502 16667 
19841 16565 25610 5744 19464 14303 8089 7089 7856 19502 0 6115 
6065 13730 6773 2909 6426 11468 5253 4253 5020 16667 6115 0 

0 13962 2381 3155 376 11700 5500 4500 5572 16899 5795 6065 
13962 0 11594 10820 14353 4437 7945 9511 10583 2937 16565 13215 
2381 11594 0 3864 2758 12408 6208 5208 6280 17607 9608 6773 
3155 10820 3864 0 3532 8544 2344 1344 2416 13743 5744 2909 
376 14353 2758 3532 0 12062 7494 6494 7566 17261 6161 4866 
11700 4437 12408 8544 12062 0 5684 7249 8321 5846 14303 10953 
5500 7945 6208 2344 7494 5684 0 1000 2072 10883 8743 4704 
4500 9511 5208 1344 6494 7249 1000 0 1072 12434 7743 3704 
5572 10583 6280 2416 7566 8321 2072 1072 0 13201 10819 4471 
16899 2937 17607 13743 17261 5846 10883 12434 13201 0 19502 16152 
5795 16565 9608 5744 6161 14303 8743 7743 10819 19502 0 6115 
6065 13215 6773 2909 4866 10953 4704 3704 4471 16152 6115 0 

0 13962 2381 3155 376 11700 5500 4500 5572 16899 24902 6065 
13962 0 11594 10820 14353 4437 7945 9511 10583 2937 37205 13730 
2381 11594 0 3864 2758 12408 6208 5208 6280 17607 25610 6773 
3155 10820 3864 0 3532 8544 2344 1344 2416 13743 26384 2909 
376 14353 2758 3532 0 12062 5862 4862 5934 17261 19464 6426 
11700 4437 12408 8544 12062 0 5684 7249 8321 5846 34943 11468 
5500 7945 6208 2344 5862 5684 0 1000 2072 10883 28729 5253 
4500 9511 5208 1344 4862 7249 1000 0 1072 12434 27729 4253 
5572 10583 6280 2416 5934 8321 2072 1072 0 13201 28496 5020 
16899 2937 17607 13743 17261 5846 10883 12434 13201 0 40142 16667 
24902 37205 25610 26384 19464 34943 28729 27729 28496 40142 0 29294 
6065 13730 6773 2909 6426 11468 5253 4253 5020 16667 29294 0 
----------------------------------------
0 9135 3845 4836 351 7475 5826 5572 6448 9830 4619 5925 
9135 0 5646 4273 9100 2961 4601 4347 5372 1254 8634 5480 
3845 5646 0 3391 4858 6030 4389 4135 5710 8385 7752 5268 
4836 4273 3391 0 4827 2639 998 744 2319 4994 4361 1877 
351 9100 4858 4827 0 7124 5475 5221 6097 9479 4268 5574 
7475 2961 6030 2639 7124 0 3800 3546 4571 3902 7833 4679 
5826 4601 4389 998 5475 3800 0 313 1677 4598 4837 1446 
5572 4347 4135 744 5221 3546 313 0 1931 4852 4524 1133 
6448 5372 5710 2319 6097 4571 1677 1931 0 5080 4752 1361 
9830 1254 8385 4994 9479 3902 4598 4852 5080 0 9220 6066 
4619 8634 7752 4361 4268 7833 4837 4524 4752 9220 0 5003 
5925 5480 5268 1877 5574 4679 1446 1133 1361 6066 5003 0 

0      16889    4208     4328     176      14687     6657     4989     7975    18214    11902    6625 
16889  0        12556    9529     19147    9567      9276     9504     12490   3870     19620    11173 
4208   12556    0        3564     6637     13923     5893     4225     7211    17450    14035    5861 
4328   9529     3564     0        9664     10359     2329     661      3647    13886    10471    2297 
176    19147    6637     9664     0        15415     7385     5717     8703    18942    12091    7353 
14687  9567     13923    10359    15415    0         7882     8110     11096    7778    18226    9779 
6657   9276     5893     2329     7385     7882      0        1932     4918    15942    12048    3601 
4989   9504     4225     661      5717     8110      1932     0        2986    14010    10116    1669 
7975   12490    7211     3647     8703     11096     4918     2986     0       14755    10861    2414 
18214  3870     17450    13886    18942    7778      15942    14010    14755   0        22718    14271 
11902  19620    14035    10471    12091    18226     12048    10116    10861   22718    0        13788 
6625   11173    5861     2297     7353     9779      3601     1669     2414    14271    13788    0 

0 20797 10082 10815 1689 21997 14719 12293 19837 26676 37554 12645 
20797 0 11733 10041 23504 13550 13001 10575 18119 5879 49808 11871 
10082 11733 0 11703 11771 22885 15607 13181 20725 27564 38914 13533 
10815 10041 11703 0 13463 11182 3904 1478 9022 15861 39767 1830 
1689 23504 11771 13463 0 23643 16365 13939 21483 28322 35865 14291 
21997 13550 22885 11182 23643 0 14201 11775 19319 17031 51008 13071 
14719 13001 15607 3904 16365 14201 0 2426 9970 18821 43671 5734 
12293 10575 13181 1478 13939 11775 2426 0 7544 16395 41245 3308 
19837 18119 20725 9022 21483 19319 9970 7544 0 21176 46026 8089 
26676 5879 27564 15861 28322 17031 18821 16395 21176 0 55687 17750 
37554 49808 38914 39767 35865 51008 43671 41245 46026 55687 0 39039 
12645 11871 13533 1830 14291 13071 5734 3308 8089 17750 39039 0 

0 50067 21647 22412 12791 46237 32516 27190 43679 55134 71044 31554 
50067 0 34273 30842 74193 25588 32386 31472 47961 5067 86006 36955 
21647 34273 0 8700 39920 32525 18804 13478 29967 41422 63864 17842 
22412 30842 8700 0 43351 23825 10104 4778 21267 32722 55164 9142 
12791 74193 39920 43351 0 55849 40866 35540 52029 64746 71595 34529 
46237 25588 32525 23825 55849 0 27458 26544 43033 26046 81078 32027 
32516 32386 18804 10104 40866 27458 0 8599 25088 33892 64852 14082 
27190 31472 13478 4778 35540 26544 8599 0 16489 35825 56253 5483 
43679 47961 29967 21267 52029 43033 25088 16489 0 42252 61667 11910 
55134 5067 41422 32722 64746 26046 33892 35825 42252 0 94974 45923 
71044 86006 63864 55164 71595 81078 64852 56253 61667 94974 0 50529 
31554 36955 17842 9142 34529 32027 14082 5483 11910 45923 50529 0 

0 50842 22408 23524 5379 53938 35889 28865 52162 64948 99084 28032 
50842 0 31901 27429 59688 36874 34657 29990 53287 14106 129883 31937 
22408 31901 0 22422 27787 52836 34787 27763 51060 63846 97982 26930 
23524 27429 22422 0 32259 30414 12365 5341 28638 41424 102454 4508 
5379 59688 27787 32259 0 58763 40714 33690 56987 69773 101394 32857 
53938 36874 52836 30414 58763 0 37753 33086 56383 42878 132979 35033 
35889 34657 34787 12365 40714 37753 0 7024 30321 48763 114819 16873 
28865 29990 27763 5341 33690 33086 7024 0 23297 43985 107795 9849 
52162 53287 51060 28638 56987 56383 30321 23297 0 55754 119564 21618 
64948 14106 63846 41424 69773 42878 48763 43985 55754 0 143989 46043 
99084 129883 97982 102454 101394 132979 114819 107795 119564 143989 0 103609 
28032 31937 26930 4508 32857 35033 16873 9849 21618 46043 103609 0 
