3
40000 40000 40000 
37
22821 0 -
44483 1490 C
44681 3490 D
44682 340 E
44691 740 A
45323 5500 B
45342 1490 C
45412 340 D
45455 3490 E
45481 340 A
45485 3490 B
45491 740 C
45501 10100 D
45502 6000 E
45591 1490 A
45611 340 B
45691 3490 C
45724 1490 D
45732 140 E
45763 740 A
45796 140 B
45864 740 C
45931 1490 D
46602 1490 E
46802 740 A
46803 340 B
55291 1490 C
55301 140 D
55342 140 E
55811 140 A
55931 340 B
56013 1490 C
56014 3490 D
65011 140 E
561347 1250 A
561532 740 B
561533 3490 C
0 15388 16144 15800 16110 16097 17036 16660 18589 18260 19750 18568 16286 16720 19048 17617 19409 18104 18827 20094 19929 20144 19514 20003 20607 20890 21002 18157 19498 20885 21650 21743 21759 21666 20538 15321 15500 
0 25841 25024 24696 25119 25331 28632 26040 27817 29288 29804 34168 25684 27490 32203 27487 31384 27985 28747 31949 34677 30064 30282 32070 33998 33715 35188 29915 32480 38068 38868 34767 35177 39479 33689 25175 25353 
25841 0 1489 1144 721 2232 5887 2321 4593 8038 8555 9770 1286 3092 7805 3089 6985 3587 4349 7551 10451 5666 5884 7672 9773 9490 10963 5689 8255 8839 9639 10541 10951 9620 11260 1623 1802 
25024 1489 0 344 767 3785 5933 4266 6146 8084 8601 9816 1332 3138 7850 3135 7031 3633 4395 7597 10497 5711 5930 7718 9818 9536 11009 5735 8301 8885 9685 10587 10997 9665 9778 822 1001 
24696 1144 344 0 423 3440 5589 3922 5801 7740 8256 9471 988 2793 7506 2790 6687 3289 4051 7252 10153 5367 5586 7373 9474 9191 10664 5391 7956 8541 9341 10243 10653 9321 10123 478 657 
25119 721 767 423 0 3017 5166 3499 5378 7317 7833 9048 565 2370 7083 2367 6264 2865 3627 6829 9730 4944 5163 6950 9051 8768 10241 4968 7533 8117 8918 9819 10230 8898 10539 901 1080 
25331 2232 3785 3440 3017 0 3176 562 2361 3831 4348 4853 2357 1691 5924 2588 6862 2277 3030 6241 12641 5542 4574 5792 11962 11679 13152 7879 10444 11029 11829 12731 13141 11809 13450 3813 3991 
28632 5887 5933 5589 5166 3176 0 1156 2016 3487 4003 4508 2950 2285 5580 3182 5501 2871 3145 5779 13235 4181 4041 5447 12556 12273 13746 8473 11038 11622 12423 13325 13735 12403 14044 4406 4585 
26040 2321 4266 3922 3499 562 1156 0 5529 6975 7491 8706 2078 1128 6741 2025 5922 2524 3286 6487 11532 4602 4821 6608 10853 10570 12043 6770 9335 9920 10720 11622 12032 10700 13171 3534 3712 
27817 4593 6146 5801 5378 2361 2016 5529 0 1470 1987 2492 4741 4307 3563 3410 4501 3644 2145 4779 8412 3181 3041 3431 7733 7450 8923 6762 6604 9912 10713 8502 8912 10693 10701 6679 6858 
29288 8038 8084 7740 7317 3831 3487 6975 1470 0 496 1565 5305 5193 2072 4296 1148 4529 3031 4532 2454 4067 3927 1940 4390 4108 6152 7648 7490 10798 11598 5731 6141 11579 16399 6761 6940 
29804 8555 8601 8256 7833 4348 4003 7491 1987 496 0 3541 6783 6349 1576 5452 1550 5685 4186 4036 1957 3549 5051 1443 3894 3611 5656 8804 6884 11954 12754 5234 5645 12734 12743 8721 8900 
34168 9770 9816 9471 9048 4853 4508 8706 2492 1565 3541 0 5948 5282 480 6179 3042 7177 5679 4801 4544 5041 6118 2209 3865 3963 5857 9455 8052 36178 36978 4490 4080 35397 36921 7404 7583 
25684 1286 1332 988 565 2357 2950 2078 4741 5305 6783 5948 0 433 6046 1331 5227 1829 2591 5793 10295 3907 4126 5914 9616 9333 10806 5533 8098 8682 9483 10385 10795 9463 11104 1466 1645 
27490 3092 3138 2793 2370 1691 2285 1128 4307 5193 6349 5282 433 0 5613 897 4794 1395 2157 5359 10403 3474 3693 5480 9725 9442 10915 5641 8207 8791 9591 10493 10904 9572 11552 3272 3451 
32203 7805 7850 7506 7083 5924 5580 6741 3563 2072 1576 480 6046 5613 0 8145 5007 9143 7644 3662 1584 3877 4979 1070 3617 3714 5609 7914 6511 35929 36730 4241 3831 35149 36672 9369 9548 
27487 3089 3135 2790 2367 2588 3182 2025 3410 4296 5452 6179 1331 897 8145 0 3896 498 1260 4462 8379 2576 2795 4583 7700 7417 8890 3617 6182 6766 7567 8469 8879 7547 11549 3269 3448 
31384 6985 7031 6687 6264 6862 5501 5922 4501 1148 1550 3042 5227 4794 5007 3896 0 4135 2636 3278 520 1999 3500 686 3137 2854 4898 7254 5422 10403 11204 4477 4887 11184 11192 7171 7349 
27985 3587 3633 3289 2865 2277 2871 2524 3644 4529 5685 7177 1829 1395 9143 498 4135 0 767 3963 7880 2084 2297 4090 7202 6919 8392 3118 5684 6268 7069 7970 8381 7049 7057 3033 3212 
28747 4349 4395 4051 3627 3030 3145 3286 2145 3031 4186 5679 2591 2157 7644 1260 2636 767 0 2918 6551 1316 1252 3322 5873 5590 7063 4617 7183 7767 8567 6641 7051 8547 8556 4534 4713 
31949 7551 7597 7252 6829 6241 5779 6487 4779 4532 4036 4801 5793 5359 3662 4462 3278 3963 2918 0 5495 264 1947 2949 4816 4533 6006 5090 3687 8240 9040 5584 5995 9020 9029 6118 6296 
34677 10451 10497 10153 9730 12641 13235 11532 8412 2454 1957 4544 10295 10403 1584 8379 520 7880 6551 5495 0 2921 4024 1199 783 2282 4327 6959 5556 10108 10909 3905 1978 10889 10897 9472 9651 
30064 5666 5711 5367 4944 5542 4181 4602 3181 4067 3549 5041 3907 3474 3877 2576 1999 2084 1316 264 2921 0 1683 2685 4552 4269 5742 4826 3423 7976 8776 5320 5731 8756 8764 5853 6032 
30282 5884 5930 5586 5163 4574 4041 4821 3041 3927 5051 6118 4126 3693 4979 2795 3500 2297 1252 1947 4024 1683 0 4064 6613 6330 7803 3352 4055 6502 7303 7381 7792 7283 7291 5448 5627 
32070 7672 7718 7373 6950 5792 5447 6608 3431 1940 1443 2209 5914 5480 1070 4583 686 4090 3322 2949 1199 2685 4064 0 2450 2167 4212 6844 5440 9993 10794 3790 4201 10774 10782 9357 9536 
33998 9773 9818 9474 9051 11962 12556 10853 7733 4390 3894 3865 9616 9725 3617 7700 3137 7202 5873 4816 783 4552 6613 2450 0 283 2327 5774 4371 8924 9725 1906 1230 9705 9713 10456 10634 
33715 9490 9536 9191 8768 11679 12273 10570 7450 4108 3611 3963 9333 9442 3714 7417 2854 6919 5590 4533 2282 4269 6330 2167 283 0 2044 5491 4088 8641 9442 1623 2033 9422 9430 10172 10351 
35188 10963 11009 10664 10241 13152 13746 12043 8923 6152 5656 5857 10806 10915 5609 8890 4898 8392 7063 6006 4327 5742 7803 4212 2327 2044 0 5799 4396 8949 9750 1499 1909 9730 9738 10481 10659 
29915 5689 5735 5391 4968 7879 8473 6770 6762 7648 8804 9455 5533 5641 7914 3617 7254 3118 4617 5090 6959 4826 3352 6844 5774 5491 5799 0 2565 3149 3950 7558 7969 3930 3938 6535 6714 
32480 8255 8301 7956 7533 10444 11038 9335 6604 7490 6884 8052 8098 8207 6511 6182 5422 5684 7183 3687 5556 3423 4055 5440 4371 4088 4396 2565 0 6281 7082 5456 5866 7062 7070 7813 7991 
38068 8839 8885 8541 8117 11029 11622 9920 9912 10798 11954 36178 8682 8791 35929 6766 10403 6268 7767 8240 10108 7976 6502 9993 8924 8641 8949 3149 6281 0 800 9034 9445 780 4083 9261 9440 
38868 9639 9685 9341 8918 11829 12423 10720 10713 11598 12754 36978 9483 9591 36730 7567 11204 7069 8567 9040 10909 8776 7303 10794 9725 9442 9750 3950 7082 800 0 16852 17263 1581 4883 10061 10240 
34767 10541 10587 10243 9819 12731 13325 11622 8502 5731 5234 4490 10385 10493 4241 8469 4477 7970 6641 5584 3905 5320 7381 3790 1906 1623 1499 7558 5456 9034 16852 0 410 17554 10691 11434 11612 
35177 10951 10997 10653 10230 13141 13735 12032 8912 6141 5645 4080 10795 10904 3831 8879 4887 8381 7051 5995 1978 5731 7792 4201 1230 2033 1909 7969 5866 9445 17263 410 0 18239 10707 11449 11628 
39479 9620 9665 9321 8898 11809 12403 10700 10693 11579 12734 35397 9463 9572 35149 7547 11184 7049 8547 9020 10889 8756 7283 10774 9705 9422 9730 3930 7062 780 1581 17554 18239 0 4863 10042 10220 
33689 11260 9778 10123 10539 13450 14044 13171 10701 16399 12743 36921 11104 11552 36672 11549 11192 7057 8556 9029 10897 8764 7291 10782 9713 9430 9738 3938 7070 4083 4883 10691 10707 4863 0 10283 10462 
25175 1623 822 478 901 3813 4406 3534 6679 6761 8721 7404 1466 3272 9369 3269 7171 3033 4534 6118 9472 5853 5448 9357 10456 10172 10481 6535 7813 9261 10061 11434 11449 10042 10283 0 178 
25353 1802 1001 657 1080 3991 4585 3712 6858 6940 8900 7583 1645 3451 9548 3448 7349 3212 4713 6296 9651 6032 5627 9536 10634 10351 10659 6714 7991 9440 10240 11612 11628 10220 10462 178 0 
0 18988 18182 20196 19773 22399 23791 22879 23243 24514 32331 79872 20338 20772 80352 21680 31678 21322 22089 29919 31408 29645 23282 32365 32048 31765 29141 24959 25912 23571 24372 45534 45945 24352 22786 20675 20854 
18988 0 1489 1144 721 3643 4739 3827 4191 5462 6351 6483 1286 1720 6964 2628 6524 3134 3887 10369 11858 5204 5094 7210 12498 12215 11481 6250 14394 12053 12854 34016 34427 12834 11268 1623 1802 
18182 1489 0 344 767 3689 4785 3873 4237 5508 6396 6529 1332 1766 7010 2674 6570 3180 3933 8871 10360 5250 5140 7256 11000 10717 9983 4752 12825 10484 11285 32447 32858 11265 9699 822 1001 
20196 1144 344 0 423 3345 4440 3529 3893 5163 6052 6185 988 1421 6665 2330 6225 2835 3589 10071 11559 4905 4795 6912 12199 11916 11183 5952 14095 11755 12555 33718 34128 12535 10970 478 657 
19773 721 767 423 0 2922 4017 3106 3470 4740 5629 5762 565 998 6242 1907 5802 2412 3166 9647 11136 4482 4372 6488 11776 11493 10759 5529 13672 11332 12132 33295 33705 12112 10546 901 1080 
22399 3643 3689 3345 2922 0 1474 562 2655 3925 4814 4947 2125 1691 5427 2599 5467 2277 3030 5498 5987 4347 4237 6153 7627 7344 9377 8219 6179 14022 14822 8767 8783 14802 13236 3591 3770 
23791 4739 4785 4440 4017 1474 0 1156 2238 3508 4397 3696 2718 2285 4176 3193 5050 2871 3624 6092 5570 4181 4831 5736 6354 7938 9971 8812 6773 14615 15416 9361 9377 15396 13830 4185 4364 
22879 3827 3873 3529 3106 562 1156 0 2970 4240 5129 5262 1562 1128 5742 2036 5781 2542 3295 5763 6302 4612 4502 6468 7892 7609 9642 7656 6444 13459 14259 9032 9048 14239 12674 3029 3207 
23243 4191 4237 3893 3470 2655 2238 2970 0 1270 2159 2292 4772 4338 2772 5247 2811 4925 2175 2204 3332 1637 3039 3498 4115 4338 7554 5759 4356 8293 7493 5761 5777 9074 15884 6239 6418 
24514 5462 5508 5163 4740 3925 3508 4240 1270 0 496 1565 5658 5224 2045 6133 1148 5810 3061 2557 1668 2522 3925 1835 2452 3514 8120 6645 5242 9179 8379 4937 4953 9960 16770 7125 7303 
32331 6351 6396 6052 5629 4814 4397 5129 2159 496 0 2938 7148 6714 1576 5004 1550 4561 3794 2959 2070 3223 4658 1443 2854 3916 8522 7317 5914 9851 9051 5339 5355 10632 12336 8614 8793 
79872 6483 6529 6185 5762 4947 3696 5262 2292 1565 2938 0 6743 6310 480 7218 2803 6896 4146 4017 2723 4281 5945 2209 3656 3736 7341 38176 7978 34951 34084 4412 3922 34170 35617 8210 8389 
20338 1286 1332 988 565 2125 2718 1562 4772 5658 7148 6743 0 433 5677 1342 5237 1847 2601 5069 6557 3917 3807 5923 7197 6914 11324 6094 14237 11897 12697 33860 8353 12677 11111 1466 1645 
20772 1720 1766 1421 998 1691 2285 1128 4338 5224 6714 6310 433 0 5243 908 4803 1414 2167 4635 6124 3483 3373 5490 6764 6481 8513 6527 5315 12330 13131 7904 7920 13111 11545 1900 2079 
80352 6964 7010 6665 6242 5427 4176 5742 2772 2045 1576 480 5677 5243 0 7698 1664 5229 4462 2878 1584 3142 4806 1070 3407 3487 7092 8259 6855 34702 33836 4163 3673 33922 35368 8691 8869 
21680 2628 2674 2330 1907 2599 3193 2036 5247 6133 5004 7218 1342 908 7698 0 3896 506 1260 3728 5217 2576 2466 4583 5856 5574 7606 4848 4408 7998 8798 6997 7012 8778 11826 2797 2976 
31678 6524 6570 6225 5802 5467 5050 5781 2811 1148 1550 2803 5237 4803 1664 3896 0 4495 3727 1683 520 1947 4592 686 1304 2365 7245 6839 5436 9373 8573 3788 3804 10154 11857 8567 8746 
21322 3134 3180 2835 2412 2277 2871 2542 4925 5810 4561 6896 1847 1414 5229 506 4495 0 767 3221 4710 2084 1959 4090 5350 5067 7099 4341 3901 7491 8291 6490 6506 8272 11319 3033 3212 
22089 3887 3933 3589 3166 3030 3624 3295 2175 3061 3794 4146 2601 2167 4462 1260 3727 767 0 2176 3665 1316 1252 3322 4305 4022 6054 5078 2856 6794 5993 5445 5461 7574 9278 3800 3979 
29919 10369 8871 10071 9647 5498 6092 5763 2204 2557 2959 4017 5069 4635 2878 3728 1683 3221 2176 0 2258 264 1928 2424 3248 2965 5496 4434 3031 6968 6168 4388 4404 7749 9453 7429 7608 
31408 11858 10360 11559 11136 5987 5570 6302 3332 1668 2070 2723 6557 6124 1584 5217 520 4710 3665 2258 0 1998 3662 1206 783 1845 6197 6674 5271 9208 8408 3268 3284 9989 11693 9164 9343 
29645 5204 5250 4905 4482 4347 4181 4612 1637 2522 3223 4281 3917 3483 3142 2576 1947 2084 1316 264 1998 0 1663 2983 2984 2701 5232 4170 2767 6704 5904 4124 4140 7485 9188 5120 5298 
23282 5094 5140 4795 4372 4237 4831 4502 3039 3925 4658 5945 3807 3373 4806 2466 4592 1959 1252 1928 3662 1663 0 4462 4146 3863 5895 4652 2697 7802 5834 5286 5302 8582 9893 5698 5877 
32365 7210 7256 6912 6488 6153 5736 6468 3498 1835 1443 2209 5923 5490 1070 4583 686 4090 3322 2424 1206 2983 4462 0 1297 2359 6711 7188 5785 9722 8922 3782 2088 10503 12206 9238 9416 
32048 12498 11000 12199 11776 7627 6354 7892 4115 2452 2854 3656 7197 6764 3407 5856 1304 5350 4305 3248 783 2984 4146 1297 0 397 4064 6041 4638 8576 7775 1135 1151 9356 11060 11083 11262 
31765 12215 10717 11916 11493 7344 7938 7609 4338 3514 3916 3736 6914 6481 3487 5574 2365 5067 4022 2965 1845 2701 3863 2359 397 0 4162 5644 4241 8178 7378 1233 1249 8959 10663 10686 10864 
29141 11481 9983 11183 10759 9377 9971 9642 7554 8120 8522 7341 11324 8513 7092 7606 7245 7099 6054 5496 6197 5232 5895 6711 4064 4162 0 5683 4279 8217 7416 1499 1909 8997 10701 10724 10903 
24959 6250 4752 5952 5529 8219 8812 7656 5759 6645 7317 38176 6094 6527 8259 4848 6839 4341 5078 4434 6674 4170 4652 7188 6041 5644 5683 0 2565 3149 3950 7294 7704 3930 5241 7544 7723 
25912 14394 12825 14095 13672 6179 6773 6444 4356 5242 5914 7978 14237 5315 6855 4408 5436 3901 2856 3031 5271 2767 2697 5785 4638 4241 4279 2565 0 3937 3136 4728 5138 4717 6421 8421 8600 
23571 12053 10484 11755 11332 14022 14615 13459 8293 9179 9851 34951 11897 12330 34702 7998 9373 7491 6794 6968 9208 6704 7802 9722 8576 8178 8217 3149 3937 0 800 22016 22426 780 4083 13080 13259 
24372 12854 11285 12555 12132 14822 15416 14259 7493 8379 9051 34084 12697 13131 33836 8798 8573 8291 5993 6168 8408 5904 5834 8922 7775 7378 7416 3950 3136 800 0 21216 21626 1581 4883 13881 14059 
45534 34016 32447 33718 33295 8767 9361 9032 5761 4937 5339 4412 33860 7904 4163 6997 3788 6490 5445 4388 3268 4124 5286 3782 1135 1233 1499 7294 4728 22016 21216 0 410 15875 17321 29746 29925 
45945 34427 32858 34128 33705 8783 9377 9048 5777 4953 5355 3922 8353 7920 3673 7012 3804 6506 5461 4404 3284 4140 5302 2088 1151 1249 1909 7704 5138 22426 21626 410 0 16504 17950 30376 30554 
24352 12834 11265 12535 12112 14802 15396 14239 9074 9960 10632 34170 12677 13111 33922 8778 10154 8272 7574 7749 9989 7485 8582 10503 9356 8959 8997 3930 4717 780 1581 15875 16504 0 4863 13861 14040 
22786 11268 9699 10970 10546 13236 13830 12674 15884 16770 12336 35617 11111 11545 35368 11826 11857 11319 9278 9453 11693 9188 9893 12206 11060 10663 10701 5241 6421 4083 4883 17321 17950 4863 0 12425 12604 
20675 1623 822 478 901 3591 4185 3029 6239 7125 8614 8210 1466 1900 8691 2797 8567 3033 3800 7429 9164 5120 5698 9238 11083 10686 10724 7544 8421 13080 13881 29746 30376 13861 12425 0 178 
20854 1802 1001 657 1080 3770 4364 3207 6418 7303 8793 8389 1645 2079 8869 2976 8746 3212 3979 7608 9343 5298 5877 9416 11262 10864 10903 7723 8600 13259 14059 29925 30554 14040 12604 178 0 
0 22185 24207 23935 24358 23578 23939 24219 24710 86663 86752 85260 24923 25357 84779 26254 84769 26489 27257 85983 84689 86247 28260 84175 83942 84022 83916 27921 85420 102630 101829 83420 84139 105768 34167 22649 22470 
22185 0 1489 1144 721 2137 3232 2321 4191 5462 5574 6246 1286 1720 6727 2617 6257 2853 3620 5456 6777 4937 4623 6943 9923 9983 7887 5689 6414 11818 16814 10510 10100 15353 11033 928 749 
24207 1489 0 344 767 3058 4562 2894 4237 5508 6024 6529 1332 1766 7010 2663 5616 2212 2979 4815 6136 4296 3982 6302 7414 10266 7246 4098 5773 10338 15334 10793 10383 13873 9553 822 1001 
23935 1144 344 0 423 2714 4217 2550 3893 5163 5680 6185 988 1421 6665 2319 5958 2554 3322 5158 6478 4638 4325 6645 9861 9922 7589 5391 6116 10673 15669 10449 10038 14208 9888 478 657 
24358 721 767 423 0 3137 3794 2127 3470 4740 5257 5762 565 998 6242 1896 5535 2131 2899 4735 6055 4215 3902 6221 9438 9498 7165 4968 5693 11096 16092 10025 9615 14631 10311 901 1080 
23578 2137 3058 2714 3137 0 1474 562 2245 3516 3816 4216 2357 1691 4696 1992 6361 2277 3030 4449 6281 3882 3852 5767 7893 7953 9847 5362 5643 13439 8186 8480 8069 16974 12654 2290 2111 
23939 3232 4562 4217 3794 1474 0 1156 1620 2891 3191 3863 2950 2285 4344 2322 6008 2558 2797 3824 5928 3257 3595 5414 7540 7600 9494 5693 5386 8730 7930 8127 7717 9511 13705 3341 3162 
24219 2321 2894 2550 2127 562 1156 0 2337 3608 4124 4629 1562 1128 5110 1429 5255 1936 2689 4502 6694 3935 3692 6180 8306 8366 10260 4799 5483 8805 8004 8893 8483 9585 12438 3029 2752 
24710 4191 4237 3893 3470 2245 1620 2337 0 1270 1787 2292 3964 3530 2772 2633 2419 2867 2206 2204 4356 1637 2853 3843 5968 6028 7923 5394 4215 7558 6758 6555 6145 8339 34085 5431 4869 
86663 5462 5508 5163 4740 3516 2891 3608 1270 0 496 1565 4420 3987 2045 3516 1148 3750 3089 2284 2454 2520 3736 1940 3051 5301 7196 6277 5098 28522 27722 5828 5418 31660 33358 5895 5717 
86752 5574 6024 5680 5257 3816 3191 4124 1787 496 0 2057 5522 5088 1576 4191 2037 4425 3764 3252 1957 3195 4411 1443 2555 2838 5900 8744 7404 27226 26426 4532 4122 30364 32062 6989 6745 
85260 6246 6529 6185 5762 4216 3863 4629 2292 1565 2057 0 5063 4629 480 4634 2145 4870 4781 3359 2064 3623 5460 1551 3676 3736 5630 8475 7134 26957 26156 4263 3853 30095 31792 4867 4688 
24923 1286 1332 988 565 2357 2950 1562 3964 4420 5522 5063 0 433 5677 1331 5227 1837 2591 4427 5747 3907 3594 6748 8873 8933 6858 4690 5385 11661 16657 9460 9050 15196 10876 1466 1645 
25357 1720 1766 1421 998 1691 2285 1128 3530 3987 5088 4629 433 0 5243 897 4794 1404 2157 3993 5314 3474 3160 6314 8440 8500 6424 4256 4951 8261 7461 9027 8616 15630 11310 1900 2079 
84779 6727 7010 6665 6242 4696 4344 5110 2772 2045 1576 480 5677 5243 0 5114 1664 5068 4301 2878 1584 3142 4979 1070 2972 3032 4926 7771 6430 26253 25452 3559 3149 29391 31088 5348 5169 
26254 2617 2663 2319 1896 1992 2322 1429 2633 3516 4191 4634 1331 897 5114 0 3896 506 1260 3096 4416 2576 2263 4583 5694 5219 5527 3370 4054 7375 6575 7672 7261 8156 11321 2797 2976 
84769 6257 5616 5958 5535 6361 6008 5255 2419 1148 2037 2145 5227 4794 1664 3896 0 3403 2636 1683 520 1999 3682 686 1797 2080 5142 5756 4577 26468 25668 3775 3365 29607 31304 6922 5988 
26489 2853 2212 2554 2131 2277 2558 1936 2867 3750 4425 4870 1837 1404 5068 506 3403 0 767 2603 3924 2084 1770 4090 5201 4726 5034 3118 3561 6905 6104 7179 6769 7685 11085 3033 3212 
27257 3620 2979 3322 2899 3030 2797 2689 2206 3089 3764 4781 2591 2157 4301 1260 2636 767 0 1836 3156 1316 1003 3322 4434 3959 4266 3809 2794 6137 5337 6412 6001 6918 11853 3800 3979 
85983 5456 4815 5158 4735 4449 3824 4502 2204 2284 3252 3359 4427 3993 2878 3096 1683 2603 1836 0 2258 264 1947 2424 3536 2965 3592 4021 2842 6185 5385 5513 5103 6966 6978 5785 5963 
84689 6777 6136 6478 6055 6281 5928 6694 4356 2454 1957 2064 5747 5314 1584 4416 520 3924 3156 2258 0 1998 3586 1199 783 1066 4090 5536 4195 26246 25445 2389 1978 29384 31081 7442 6973 
86247 4937 4296 4638 4215 3882 3257 3935 1637 2520 3195 3623 3907 3474 3142 2576 1999 2084 1316 264 1998 0 1683 2685 2984 2701 3328 3757 2578 5921 5121 3869 5364 6702 6714 5120 5298 
28260 4623 3982 4325 3902 3852 3595 3692 2853 3736 4411 5460 3594 3160 4979 2263 3682 1770 1003 1947 3586 1683 0 4088 4083 3800 4107 3352 2635 5978 5178 4968 5128 6759 11330 4707 4886 
84175 6943 6302 6645 6221 5767 5414 6180 3843 1940 1443 1551 6748 6314 1070 4583 686 4090 3322 2424 1199 2685 4088 0 1111 1394 4318 5982 4803 26131 25330 2617 2206 29269 30966 7516 6858 
83942 9923 7414 9861 9438 7893 7540 8306 5968 3051 2555 3676 8873 8440 2972 5694 1797 5201 4434 3536 783 2984 4083 1111 0 283 2626 4752 3411 26158 25358 1135 1230 29297 30994 7854 7675 
84022 9983 10266 9922 9498 7953 7600 8366 6028 5301 2838 3736 8933 8500 3032 5219 2080 4726 3959 2965 1066 2701 3800 1394 283 0 2044 4469 3128 26256 25456 1233 1328 29395 31092 7952 7773 
83916 7887 7246 7589 7165 9847 9494 10260 7923 7196 5900 5630 6858 6424 4926 5527 5142 5034 4266 3592 4090 3328 4107 4318 2626 2044 0 2844 1504 4847 4047 1479 1889 10560 12257 8364 8543 
27921 5689 4098 5391 4968 5362 5693 4799 5394 6277 8744 8475 4690 4256 7771 3370 5756 3118 3809 4021 5536 3757 3352 5982 4752 4469 2844 0 1340 2987 3447 4324 4734 3767 7879 6452 6630 
85420 6414 5773 6116 5693 5643 5386 5483 4215 5098 7404 7134 5385 4951 6430 4054 4577 3561 2794 2842 4195 2578 2635 4803 3411 3128 1504 1340 0 3343 2543 2983 3393 4124 4136 7394 7573 
102630 11818 10338 10673 11096 13439 8730 8805 7558 28522 27226 26957 11661 8261 26253 7375 26468 6905 6137 6185 26246 5921 5978 26131 26158 26256 4847 2987 3343 0 800 7039 27796 780 2683 11059 11238 
101829 16814 15334 15669 16092 8186 7930 8004 6758 27722 26426 26156 16657 7461 25452 6575 25668 6104 5337 5385 25445 5121 5178 25330 25358 25456 4047 3447 2543 800 0 6239 26996 1581 5781 16055 16234 
83420 10510 10793 10449 10025 8480 8127 8893 6555 5828 4532 4263 9460 9027 3559 7672 3775 7179 6412 5513 2389 3869 4968 2617 1135 1233 1479 4324 2983 7039 6239 0 410 30073 31770 8630 8451 
84139 10100 10383 10038 9615 8069 7717 8483 6145 5418 4122 3853 9050 8616 3149 7261 3365 6769 6001 5103 1978 5364 5128 2206 1230 1328 1889 4734 3393 27796 26996 410 0 29662 31359 8219 8041 
105768 15353 13873 14208 14631 16974 9511 9585 8339 31660 30364 30095 15196 15630 29391 8156 29607 7685 6918 6966 29384 6702 6759 29269 29297 29395 10560 3767 4124 780 1581 30073 29662 0 4320 14595 14773 
34167 11033 9553 9888 10311 12654 13705 12438 34085 33358 32062 31792 10876 11310 31088 11321 31304 11085 11853 6978 31081 6714 11330 30966 30994 31092 12257 7879 4136 2683 5781 31770 31359 4320 0 10274 10453 
22649 928 822 478 901 2290 3341 3029 5431 5895 6989 4867 1466 1900 5348 2797 6922 3033 3800 5785 7442 5120 4707 7516 7854 7952 8364 6452 7394 11059 16055 8630 8219 14595 10274 0 178 
22470 749 1001 657 1080 2111 3162 2752 4869 5717 6745 4688 1645 2079 5169 2976 5988 3212 3979 5963 6973 5298 4886 6858 7675 7773 8543 6630 7573 11238 16234 8451 8041 14773 10453 178 0 
0 20633 19216 19488 19911 22833 23929 22039 24700 82949 83038 83074 20476 20910 83555 21807 85439 21455 22222 25817 84919 23539 24331 84423 84240 84338 84927 21545 28274 32203 31336 84431 84842 31422 25555 19967 20146 
20633 0 1489 1144 721 2189 3285 1910 4056 5327 5626 6132 1286 1720 6612 2617 6257 2853 3620 5456 14306 4937 5814 8341 13628 13345 11281 5782 7548 8823 15067 12780 13202 9603 11969 1623 1802 
19216 1489 0 344 767 3689 4785 2894 5556 6827 7126 7631 1332 1766 8112 2448 5616 2212 2979 4815 13665 4296 5174 6302 12987 12704 10640 5141 6907 8182 14426 12139 12561 8962 9538 822 1001 
19488 1144 344 0 423 3345 4440 2550 5211 6483 6782 7287 988 1421 7768 2319 5958 2554 3322 5158 14008 4638 5516 6645 13329 13046 10982 5483 7249 8524 14769 12481 12903 9305 11671 478 657 
19911 721 767 423 0 2922 4017 2127 4788 6060 6359 6864 565 998 7344 1896 5535 2131 2899 4735 13585 4215 5093 6221 12906 12623 10559 5060 6826 8101 14345 12058 12480 8882 11248 901 1080 
22833 2189 3689 3345 2922 0 1537 562 2308 3580 3879 4384 2357 1691 4865 2044 5429 2277 3044 4512 7107 3945 4297 6593 8023 8121 13481 7982 9748 11023 17267 8361 8388 11804 14170 3823 2667 
23929 3285 4785 4440 4017 1537 0 1156 1620 2892 3191 3696 2950 2285 4176 2637 4741 2871 3638 3824 6419 3257 4721 5905 7335 7433 7123 8576 5835 11617 17861 7673 7700 12397 14763 4417 3261 
22039 1910 2894 2550 2127 562 1156 0 2429 3701 4000 4505 2078 1128 4985 2025 5550 2532 3300 5136 7228 4616 4552 6714 15549 15266 13202 7703 9469 10744 16989 14701 15123 11525 13891 3545 3723 
24700 4056 5556 5211 4788 2308 1620 2429 0 1270 1787 2292 4504 3530 2772 2633 2956 3003 2236 2204 3477 1637 3100 4501 6900 6618 5502 5394 4215 7625 7321 6053 6474 8405 8351 5970 4814 
82949 5327 6827 6483 6060 3580 2892 3701 1270 0 496 1565 5352 4686 2045 3519 1148 3889 3122 2557 1668 2522 3986 1940 5204 5301 7470 6280 5100 8510 8207 5979 5569 9291 9237 6819 5662 
83038 5626 7126 6782 6359 3879 3191 4000 1787 496 0 2938 5522 5088 1576 4191 1550 4680 3912 2959 1957 3275 4959 1443 2555 2838 5551 7032 5853 9263 8960 4060 3650 10044 9990 6989 7168 
83074 6132 7631 7287 6864 4384 3696 4505 2292 1565 2938 0 5070 4405 480 4757 2803 4991 4207 4451 2723 3608 5071 2209 3638 3736 5905 8750 7409 10819 15432 4414 4004 15519 11546 6537 5381 
20476 1286 1332 988 565 2357 2950 2078 4504 5352 5522 5070 0 433 6779 1331 5241 1837 2605 4441 5762 3921 5658 5928 13471 13188 11124 5625 7391 8666 14910 12623 13045 9447 11813 1466 1645 
20910 1720 1766 1421 998 1691 2285 1128 3530 4686 5088 4405 433 0 7213 897 4808 1404 2171 4007 5328 3488 3424 5494 12438 12156 10091 4592 6358 7633 13878 11591 12012 8414 10780 1900 2079 
83555 6612 8112 7768 7344 4865 4176 4985 2772 2045 1576 480 6779 7213 0 5238 1664 5471 4688 2878 1584 4088 5552 1070 4119 4217 6386 9230 7890 11300 15913 4895 4484 15999 12026 7018 5861 
21807 2617 2448 2319 1896 2044 2637 2025 2633 3519 4191 4757 1331 897 5238 0 3910 506 1274 3110 4431 2590 2526 4597 7416 7134 10088 4590 6356 7630 13875 6569 6990 8411 10777 2797 2976 
85439 6257 5616 5958 5535 5429 4741 5550 2956 1148 1550 2803 5241 4808 1664 3910 0 3403 2636 1683 520 1999 3682 686 1304 1587 3631 5756 4577 7987 7683 2439 2499 8767 8713 6688 6867 
21455 2853 2212 2554 2131 2277 2871 2532 3003 3889 4680 4991 1837 1404 5471 506 3403 0 767 2603 3924 2084 2019 4090 6910 6627 5512 4354 6120 7394 13639 6062 6483 8175 10541 3284 3463 
22222 3620 2979 3322 2899 3044 3638 3300 2236 3122 3912 4207 2605 2171 4688 1274 2636 767 0 1836 3156 1316 1252 3322 6142 5859 4744 3973 2794 6204 5900 5294 5716 6984 6930 4052 4230 
25817 5456 4815 5158 4735 4512 3824 5136 2204 2557 2959 4451 4441 4007 2878 3110 1683 2603 1836 0 2258 264 1947 2424 5528 5245 4130 4021 2842 6252 5948 4680 5101 7032 6978 5632 5811 
84919 14306 13665 14008 13585 7107 6419 7228 3477 1668 1957 2723 5762 5328 1584 4431 520 3924 3156 2258 0 1998 3586 1206 783 1066 3111 5660 4615 8025 12937 1919 1978 13024 8752 7208 7387 
23539 4937 4296 4638 4215 3945 3257 4616 1637 2522 3275 3608 3921 3488 4088 2590 1999 2084 1316 264 1998 0 1683 2685 5263 4981 3865 3757 2578 5988 5684 4416 4837 6768 6714 5368 5547 
24331 5814 5174 5516 5093 4297 4721 4552 3100 3986 4959 5071 5658 3424 5552 2526 3682 2019 1252 1947 3586 1683 0 4088 5983 5700 4585 3814 2635 6045 5741 5135 5557 6825 6771 4707 4886 
84423 8341 6302 6645 6221 6593 5905 6714 4501 1940 1443 2209 5928 5494 1070 4597 686 4090 3322 2424 1206 2685 4088 0 1111 1394 4108 5829 5612 9022 13635 2617 2206 13721 9748 7282 7461 
84240 13628 12987 13329 12906 8023 7335 15549 6900 5204 2555 3638 13471 12438 4119 7416 1304 6910 6142 5528 783 5263 5983 1111 0 283 2327 5172 3831 7241 12154 1135 1230 12240 7968 10177 10356 
84338 13345 12704 13046 12623 8121 7433 15266 6618 5301 2838 3736 13188 12156 4217 7134 1587 6627 5859 5245 1066 4981 5700 1394 283 0 2044 4889 3548 6958 6655 1623 1328 12769 7685 9894 10073 
84927 11281 10640 10982 10559 13481 7123 13202 5502 7470 5551 5905 11124 10091 6386 10088 3631 5512 4744 4130 3111 3865 4585 4108 2327 2044 0 2844 1504 4914 4610 1499 1921 5694 5640 14045 14224 
21545 5782 5141 5483 5060 7982 8576 7703 5394 6280 7032 8750 5625 4592 9230 4590 5756 4354 3973 4021 5660 3757 3814 5829 5172 4889 2844 0 1340 3149 9394 7106 7528 3930 7879 6480 6659 
28274 7548 6907 7249 6826 9748 5835 9469 4215 5100 5853 7409 7391 6358 7890 6356 4577 6120 2794 2842 4615 2578 2635 5612 3831 3548 1504 1340 0 3410 3106 3718 4139 4190 4136 12541 12720 
32203 8823 8182 8524 8101 11023 11617 10744 7625 8510 9263 10819 8666 7633 11300 7630 7987 7394 6204 6252 8025 5988 6045 9022 7241 6958 4914 3149 3410 0 2229 8488 8910 780 4315 14618 14797 
31336 15067 14426 14769 14345 17267 17861 16989 7321 8207 8960 15432 14910 13878 15913 13875 7683 13639 5900 5948 12937 5684 5741 13635 12154 6655 4610 9394 3106 2229 0 6259 6681 1448 5781 16084 16263 
84431 12780 12139 12481 12058 8361 7673 14701 6053 5979 4060 4414 12623 11591 4895 6569 2439 6062 5294 4680 1919 4416 5135 2617 1135 1623 1499 7106 3718 8488 6259 0 410 11104 8498 16903 17081 
84842 13202 12561 12903 12480 8388 7700 15123 6474 5569 3650 4004 13045 12012 4484 6990 2499 6483 5716 5101 1978 4837 5557 2206 1230 1328 1921 7528 4139 8910 6681 410 0 11514 7542 15947 16125 
31422 9603 8962 9305 8882 11804 12397 11525 8405 9291 10044 15519 9447 8414 15999 8411 8767 8175 6984 7032 13024 6768 6825 13721 12240 12769 5694 3930 4190 780 1448 11104 11514 0 5867 16170 16349 
25555 11969 9538 11671 11248 14170 14763 13891 8351 9237 9990 11546 11813 10780 12026 10777 8713 10541 6930 6978 8752 6714 6771 9748 7968 7685 5640 7879 4136 4315 5781 8498 7542 5867 0 10303 10482 
19967 1623 822 478 901 3823 4417 3545 5970 6819 6989 6537 1466 1900 7018 2797 6688 3284 4052 5632 7208 5368 4707 7282 10177 9894 14045 6480 12541 14618 16084 16903 15947 16170 10303 0 178 
20146 1802 1001 657 1080 2667 3261 3723 4814 5662 7168 5381 1645 2079 5861 2976 6867 3463 4230 5811 7387 5547 4886 7461 10356 10073 14224 6659 12720 14797 16263 17081 16125 16349 10482 178 0 
0 22185 24207 23991 24414 23578 23939 24287 81516 80577 80665 85260 24979 25413 84779 26310 84769 26545 27313 85983 84689 86247 28505 84175 83942 84022 83916 27921 85420 102859 102058 83420 84139 105997 39707 24469 22470 
22185 0 1489 1144 721 2137 3232 1910 4191 5462 5574 6079 1286 1720 6560 2617 6257 2853 3620 5734 6777 4937 4813 6943 7561 7857 8165 5689 6787 16134 16814 10343 9933 15353 11033 1623 749 
24207 1489 0 344 767 3058 4722 2894 4237 5508 6024 6529 1332 1766 7010 2448 5616 2212 2979 5093 6136 4296 4172 6302 6920 7216 7524 4641 6146 14654 15334 9391 8981 13873 9553 822 1001 
23991 1144 344 0 423 2714 4377 2550 3893 5163 5680 6185 988 1421 6665 2319 5958 2554 3322 5435 6478 4638 4514 6645 7262 7559 7866 4985 6488 14989 15669 10449 10038 14208 9888 478 657 
24414 721 767 423 0 2858 3954 2127 3470 4740 5257 5762 565 998 6242 1896 5535 2131 2899 5012 6055 4215 4091 6221 6839 7136 7443 4968 6065 15412 16092 10025 9615 14631 10311 901 1080 
23578 2137 3058 2714 2858 0 1474 562 2245 3516 3816 4321 2357 1691 4801 1992 5854 2277 3030 4819 5773 4252 4237 5260 7997 8088 9952 5362 6116 9202 8402 8585 8174 16974 12654 2290 2111 
23939 3232 4722 4377 3954 1474 0 1156 1620 2891 3191 3696 2950 2285 4176 2322 5229 2558 2797 3824 5149 3257 3595 4635 7373 7463 9327 5693 5386 8730 7930 7960 7549 9511 13764 3440 3261 
24287 1910 2894 2550 2127 562 1156 0 2337 3608 4124 4629 1562 1128 5110 1429 4757 1936 2689 4502 6082 3935 3896 5568 8306 8396 10260 4799 5775 8805 8004 8893 8483 9585 12438 3029 2851 
81516 4191 4237 3893 3470 2245 1620 2337 0 1270 1787 2292 3964 3530 2772 2633 2419 2867 2206 2204 3744 1637 2853 3230 5968 6059 7923 5394 4215 7558 6758 6555 6145 34069 35767 5431 4968 
80577 5462 5508 5163 4740 3516 2891 3608 1270 0 496 1565 4420 3987 2045 3519 1148 3752 3092 2284 2454 2522 3739 1940 3051 3334 7196 6280 5100 30204 29403 5828 5418 33342 35040 5995 5816 
80665 5574 6024 5680 5257 3816 3191 4124 1787 496 0 2057 5522 5088 1576 4191 2037 4425 3764 3252 1957 3195 4411 1443 2555 2838 5900 6952 5773 28908 28108 4532 4122 32046 33744 6989 7168 
85260 6079 6529 6185 5762 4321 3696 4629 2292 1565 2057 0 5063 4629 480 4634 2145 4870 4781 3359 2064 3623 5460 1551 3676 3766 5630 8475 7134 28639 27838 4263 3853 31777 33474 6637 6459 
24979 1286 1332 988 565 2357 2950 1562 3964 4420 5522 5063 0 433 5677 1331 5227 1837 2591 4719 5747 3907 3797 6135 8873 8964 7149 4690 5676 15977 16657 9460 9050 15196 10876 1466 1645 
25413 1720 1766 1421 998 1691 2285 1128 3530 3987 5088 4629 433 0 5243 897 4794 1404 2157 4285 5314 3474 3364 5702 8440 8530 6716 4256 5243 8261 7461 9027 8616 15630 11310 1900 2079 
84779 6560 7010 6665 6242 4801 4176 5110 2772 2045 1576 480 5677 5243 0 5114 1664 5068 4301 2878 1584 3142 4979 1070 2972 3062 4926 7771 6430 27935 27134 3559 3149 31073 32770 7118 6939 
26310 2617 2448 2319 1896 1992 2322 1429 2633 3519 4191 4634 1331 897 5114 0 3896 506 1260 3388 4416 2576 2466 4583 5200 5511 5818 3370 4345 7375 6575 7672 7261 8156 11321 2797 2976 
84769 6257 5616 5958 5535 5854 5229 4757 2419 1148 2037 2145 5227 4794 1664 3896 0 3403 2636 1683 520 1999 3682 686 1304 1587 5142 5756 4577 28150 27350 3775 3365 31289 32986 6437 6616 
26545 2853 2212 2554 2131 2277 2558 1936 2867 3752 4425 4870 1837 1404 5068 506 3403 0 767 2881 3924 2084 1959 4090 4707 5004 5311 3118 3839 6925 6124 7179 6769 7705 11085 3033 3212 
27313 3620 2979 3322 2899 3030 2797 2689 2206 3092 3764 4781 2591 2157 4301 1260 2636 767 0 1836 3156 1316 1003 3322 3940 3959 4266 3809 2794 6137 5337 6412 6001 6918 11853 3800 3979 
85983 5734 5093 5435 5012 4819 3824 4502 2204 2284 3252 3359 4719 4285 2878 3388 1683 2881 1836 0 2258 264 1947 2424 3042 2965 4130 4021 2842 6185 5385 5513 5103 6966 13332 5352 5531 
84689 6777 6136 6478 6055 5773 5149 6082 3744 2454 1957 2064 5747 5314 1584 4416 520 3924 3156 2258 0 1998 3586 1199 783 1066 4127 5660 4481 27928 27127 1919 1978 31066 32763 6957 7136 
86247 4937 4296 4638 4215 4252 3257 3935 1637 2522 3195 3623 3907 3474 3142 2576 1999 2084 1316 264 1998 0 1683 2685 2984 2701 3865 3757 2578 5921 5121 3869 5364 6702 13068 5117 5296 
28505 4813 4172 4514 4091 4237 3595 3896 2853 3739 4411 5460 3797 3364 4979 2466 3682 1959 1003 1947 3586 1683 0 4088 4083 3800 4107 3352 2635 5978 5178 4968 5128 6759 11275 4712 4890 
84175 6943 6302 6645 6221 5260 4635 5568 3230 1940 1443 1551 6135 5702 1070 4583 686 4090 3322 2424 1199 2685 4088 0 1111 1394 4355 5982 4803 27813 27012 2617 2206 30951 32648 7031 7210 
83942 7561 6920 7262 6839 7997 7373 8306 5968 3051 2555 3676 8873 8440 2972 5200 1304 4707 3940 3042 783 2984 4083 1111 0 283 2327 4759 3418 27840 27040 1135 1230 30979 32676 7636 7814 
84022 7857 7216 7559 7136 8088 7463 8396 6059 3334 2838 3766 8964 8530 3062 5511 1587 5004 3959 2965 1066 2701 3800 1394 283 0 2044 4475 3135 27938 27138 1233 1328 31077 32774 7919 9543 
83916 8165 7524 7866 7443 9952 9327 10260 7923 7196 5900 5630 7149 6716 4926 5818 5142 5311 4266 4130 4127 3865 4107 4355 2327 2044 0 2844 1504 4847 4047 1479 1889 10560 12257 8364 8543 
27921 5689 4641 4985 4968 5362 5693 4799 5394 6280 6952 8475 4690 4256 7771 3370 5756 3118 3809 4021 5660 3757 3352 5982 4759 4475 2844 0 1340 2987 3447 4324 4734 3767 7879 6452 6630 
85420 6787 6146 6488 6065 6116 5386 5775 4215 5100 5773 7134 5676 5243 6430 4345 4577 3839 2794 2842 4481 2578 2635 4803 3418 3135 1504 1340 0 3343 2543 2983 3393 4124 10490 7399 7577 
102859 16134 14654 14989 15412 9202 8730 8805 7558 30204 28908 28639 15977 8261 27935 7375 28150 6925 6137 6185 27928 5921 5978 27813 27840 27938 4847 2987 3343 0 800 7039 29249 780 5100 15375 15554 
102058 16814 15334 15669 16092 8402 7930 8004 6758 29403 28108 27838 16657 7461 27134 6575 27350 6124 5337 5385 27127 5121 5178 27012 27040 27138 4047 3447 2543 800 0 6239 28449 1581 5781 16055 16234 
83420 10343 9391 10449 10025 8585 7960 8893 6555 5828 4532 4263 9460 9027 3559 7672 3775 7179 6412 5513 1919 3869 4968 2617 1135 1233 1479 4324 2983 7039 6239 0 410 31755 33452 8771 10221 
84139 9933 8981 10038 9615 8174 7549 8483 6145 5418 4122 3853 9050 8616 3149 7261 3365 6769 6001 5103 1978 5364 5128 2206 1230 1328 1889 4734 3393 29249 28449 410 0 31344 33041 9298 9811 
105997 15353 13873 14208 14631 16974 9511 9585 34069 33342 32046 31777 15196 15630 31073 8156 31289 7705 6918 6966 31066 6702 6759 30951 30979 31077 10560 3767 4124 780 1581 31755 31344 0 4320 14595 14773 
39707 11033 9553 9888 10311 12654 13764 12438 35767 35040 33744 33474 10876 11310 32770 11321 32986 11085 11853 13332 32763 13068 11275 32648 32676 32774 12257 7879 10490 5100 5781 33452 33041 4320 0 10274 10453 
24469 1623 822 478 901 2290 3440 3029 5431 5995 6989 6637 1466 1900 7118 2797 6437 3033 3800 5352 6957 5117 4712 7031 7636 7919 8364 6452 7399 15375 16055 8771 9298 14595 10274 0 178 
22470 749 1001 657 1080 2111 3261 2851 4968 5816 7168 6459 1645 2079 6939 2976 6616 3212 3979 5531 7136 5296 4890 7210 7814 9543 8543 6630 7577 15554 16234 10221 9811 14773 10453 178 0 
0 11147 10442 10512 10637 11716 13745 11984 12693 15919 16593 17952 11086 11080 16919 11062 15705 11326 12447 16614 17587 13820 13653 16577 15511 15097 15803 12003 13231 12782 13170 15603 16303 12854 11278 10568 10580 
11147 0 458 346 218 1139 3400 1375 2620 5502 6176 7533 667 661 6500 643 5286 907 2028 6195 7315 3401 3234 6158 5239 4825 5531 1731 2959 2715 3103 5331 6031 3069 1863 402 414 
10442 458 0 112 237 1591 3419 1716 3072 5521 6195 7552 686 680 6519 662 5305 926 2047 6214 7334 3420 3253 6177 5258 4844 5550 1750 2978 2734 3122 5350 6050 3088 1517 168 180 
10512 346 112 0 125 1479 3307 1604 2960 5409 6083 7440 574 568 6407 550 5193 814 1935 6102 7222 3308 3141 6065 5146 4732 5438 1638 2866 2622 3010 5238 5938 2976 1629 56 68 
10637 218 237 125 0 1354 3182 1479 2835 5284 5958 7315 449 443 6282 425 5068 689 1810 5977 7097 3183 3016 5940 5021 4607 5313 1513 2741 2497 2885 5113 5813 2851 1645 184 196 
11716 1139 1591 1479 1354 0 2533 672 1481 4707 5381 7158 1558 1454 6862 1564 5877 1647 2694 6935 8299 3992 3974 6520 6223 5809 6515 2715 3943 3699 4087 6315 7015 4053 2847 1386 1398 
13745 3400 3419 3307 3182 2533 0 1612 1648 4874 5548 7325 2498 2394 7029 2504 5928 2587 3390 7277 9239 4043 4709 6687 7163 6749 7455 3655 4883 4639 5027 7255 7955 4993 3787 2326 2338 
11984 1375 1716 1604 1479 672 1612 0 2905 5751 6425 7782 1381 782 6749 892 5535 1156 2277 6444 7875 3650 3483 6407 5799 5385 6091 2291 3519 3275 3663 5891 6591 3629 2670 1209 1221 
12693 2620 3072 2960 2835 1481 1648 2905 0 3226 3900 5677 3789 3013 5381 2795 4396 2604 1858 5745 8540 2511 3177 5039 6464 6050 6756 3886 4634 4870 5258 6556 7256 5224 4742 3792 3804 
15919 5502 5521 5409 5284 4707 4874 5751 3226 0 844 3246 5295 5162 2325 4944 1604 4753 4007 7460 6281 4660 5326 1983 5041 4627 5729 6035 6783 7019 7407 5529 6229 7373 6584 5123 5135 
16593 6176 6195 6083 5958 5381 5548 6425 3900 844 0 2514 6632 5856 1481 5638 1844 5447 4701 6616 5437 5005 5892 1139 4197 3783 4885 6729 6924 7713 8101 4685 5385 8067 7585 6635 6647 
17952 7533 7552 7440 7315 7158 7325 7782 5677 3246 2514 0 8305 8201 481 8311 4606 8209 7463 8763 7272 7767 8092 3286 5196 5179 5809 8472 8640 7070 7458 5453 4850 7044 7287 8133 8145 
11086 667 686 574 449 1558 2498 1381 3789 5295 6632 8305 0 220 6187 330 4973 594 1715 5882 7201 3088 2921 5845 5125 4711 5417 1617 2845 2601 2989 5217 5917 2955 1749 288 300 
11080 661 680 568 443 1454 2394 782 3013 5162 5856 8201 220 0 5967 110 4753 374 1495 5662 7093 2868 2701 5625 5017 4603 5309 1509 2737 2493 2881 5109 5809 2847 1975 907 919 
16919 6500 6519 6407 6282 6862 7029 6749 5381 2325 1481 481 6187 5967 0 9344 5639 9242 8496 8590 7411 8314 7919 3113 5472 5455 6085 8730 8898 7346 7734 5729 5126 7320 7563 9166 9178 
11062 643 662 550 425 1564 2504 892 2795 4944 5638 8311 330 110 9344 0 4643 264 1385 5552 7130 2758 2591 5515 5054 4640 5346 1546 2774 2530 2918 5146 5846 2884 2065 997 1009 
15705 5286 5305 5193 5068 5877 5928 5535 4396 1604 1844 4606 4973 4753 5639 4643 0 3603 2857 6349 4746 3161 4048 872 3930 3516 4618 4885 5284 5869 6257 4418 5118 6223 5741 4791 4803 
11326 907 926 814 689 1647 2587 1156 2604 4753 5447 8209 594 374 9242 264 3603 0 1200 5288 6866 2573 2327 5330 4790 4376 5082 1282 2510 2266 2654 4882 5582 2620 2138 1519 1531 
12447 2028 2047 1935 1810 2694 3390 2277 1858 4007 4701 7463 1715 1495 8496 1385 2857 1200 0 4534 7329 1373 1573 4130 5253 4839 5545 2028 3256 3012 3400 5345 6045 3366 2884 1934 1946 
16614 6195 6214 6102 5977 6935 7277 6444 5745 7460 6616 8763 5882 5662 8590 5552 6349 5288 4534 0 6860 831 1953 4566 4784 4370 5076 2786 2954 3770 4158 4876 5576 4124 3642 3386 3398 
17587 7315 7334 7222 7097 8299 9239 7875 8540 6281 5437 7272 7201 7093 7411 7130 4746 6866 7329 6860 0 4753 4358 3567 2355 2196 3298 5169 5337 6153 6541 3098 3480 6507 6025 6556 6568 
13820 3401 3420 3308 3183 3992 4043 3650 2511 4660 5005 7767 3088 2868 8314 2758 3161 2573 1373 831 4753 0 1122 3735 3953 3539 4245 1955 2123 2939 3327 4045 4745 3293 2811 2555 2567 
13653 3234 3253 3141 3016 3974 4709 3483 3177 5326 5892 8092 2921 2701 7919 2591 4048 2327 1573 1953 4358 1122 0 6219 4597 4183 4889 1614 2672 2598 2986 4689 5389 2952 2470 2198 2210 
