3
40000 40000 40000 
16
22821 0 -
25271 2640 D
25781 340 E
25861 3200 A
25891 340 B
25991 3490 C
26701 740 D
35042 1490 E
35076 340 A
35141 1490 B
35171 340 C
35174 740 D
35183 140 E
35191 4500 A
35361 340 B
36013 340 C
0 19911 19530 17836 19232 18963 20436 16220 17667 16089 17516 17269 18051 18451 16692 19973 
0 29027 25326 23284 26535 26809 26946 21512 23980 20986 22414 22167 22948 23348 23340 28641 
29027 0 3234 5276 4443 4717 4418 7048 5901 7574 6042 6289 5800 6200 8028 6113 
25326 3234 0 2041 1208 1483 1620 3813 2667 4340 2808 3055 2566 2966 4794 3315 
23284 5276 2041 0 3250 3524 3662 1771 1347 2298 2036 1794 4607 5007 2752 5357 
26535 4443 1208 3250 0 274 1930 5022 3876 5548 4016 4263 1357 1757 6003 3624 
26809 4717 1483 3524 274 0 2204 5296 4150 5823 4291 4538 1083 1483 6277 3898 
26946 4418 1620 3662 1930 2204 0 4954 3808 5480 3948 4195 2807 3207 5935 1694 
21512 7048 3813 1771 5022 5296 4954 0 2467 526 3156 1707 3690 4090 2182 7128 
23980 5901 2667 1347 3876 4150 3808 2467 0 2828 694 447 1228 1628 2074 7161 
20986 7574 4340 2298 5548 5823 5480 526 2828 0 1427 1180 1962 2362 1656 7655 
22414 6042 2808 2036 4016 4291 3948 3156 694 1427 0 247 534 934 1923 6123 
22167 6289 3055 1794 4263 4538 4195 1707 447 1180 247 0 781 1181 1676 6370 
22948 5800 2566 4607 1357 1083 2807 3690 1228 1962 534 781 0 400 2457 1922 
23348 6200 2966 5007 1757 1483 3207 4090 1628 2362 934 1181 400 0 11456 1522 
23340 8028 4794 2752 6003 6277 5935 2182 2074 1656 1923 1676 2457 11456 0 8153 
28641 6113 3315 5357 3624 3898 1694 7128 7161 7655 6123 6370 1922 1522 8153 0 
0 24810 22923 20881 22440 22008 25273 20032 21577 20558 22721 22025 23255 23655 23536 23919 
24810 0 2966 3788 3704 4296 4112 5601 4414 6127 5009 4861 5543 5943 6372 6207 
22923 2966 0 2041 1208 1483 1620 3854 2667 4380 3262 3114 3797 4197 4625 3315 
20881 3788 2041 0 1558 1748 4029 2104 1865 2630 2461 2313 2995 3395 3824 3659 
22440 3704 1208 1558 0 274 2622 3370 2183 3897 2779 2630 1357 1757 4142 2185 
22008 4296 1483 1748 274 0 2347 3008 1821 3534 1577 1824 1083 1483 3335 1910 
25273 4112 1620 4029 2622 2347 0 5300 4113 5827 4709 4560 3287 2094 6072 1694 
20032 5601 3854 2104 3370 3008 5300 0 2467 526 3611 2915 4145 4545 2182 4809 
21577 4414 2667 1865 2183 1821 4113 2467 0 1628 694 447 1228 1628 1958 3322 
20558 6127 4380 2630 3897 3534 5827 526 1628 0 1427 1180 1962 2362 1656 4056 
22721 5009 3262 2461 2779 1577 4709 3611 694 1427 0 247 534 934 1758 2628 
22025 4861 3114 2313 2630 1824 4560 2915 447 1180 247 0 781 1181 1511 2875 
23255 5543 3797 2995 1357 1083 3287 4145 1228 1962 534 781 0 400 2292 2094 
23655 5943 4197 3395 1757 1483 2094 4545 1628 2362 934 1181 400 0 2692 1694 
23536 6372 4625 3824 4142 3335 6072 2182 1958 1656 1758 1511 2292 2692 0 4658 
23919 6207 3315 3659 2185 1910 1694 4809 3322 4056 2628 2875 2094 1694 4658 0 
0 25807 22745 20899 22492 22218 38776 19267 20827 19173 20601 20354 21135 21535 20030 39956 
25807 0 2966 3788 4106 4296 4107 5608 4414 5982 4554 4801 5088 5488 6312 6205 
22745 2966 0 1856 1189 1431 1140 4098 2388 3571 2144 2391 2514 2914 3902 3340 
20899 3788 1856 0 1558 1748 3008 1820 1347 2346 2006 2253 2540 2940 3764 3657 
22492 4106 1189 1558 0 274 1450 3845 2095 3319 1891 2138 1357 1757 3649 2183 
22218 4296 1431 1748 274 0 1473 3571 1821 3045 1617 1864 1083 1483 3375 1909 
38776 4107 1140 3008 1450 1473 0 5044 3294 4518 3090 3337 2556 2094 4342 1694 
19267 5608 4098 1820 3845 3571 5044 0 2180 526 1954 1707 2488 2888 2182 4410 
20827 4414 2388 1347 2095 1821 3294 2180 0 1578 694 447 1228 1628 2074 3151 
19173 5982 3571 2346 3319 3045 4518 526 1578 0 1427 1180 1962 2362 1656 3884 
20601 4554 2144 2006 1891 1617 3090 1954 694 1427 0 247 534 934 1758 2456 
20354 4801 2391 2253 2138 1864 3337 1707 447 1180 247 0 781 1181 1511 2703 
21135 5088 2514 2540 1357 1083 2556 2488 1228 1962 534 781 0 400 2292 1922 
21535 5488 2914 2940 1757 1483 2094 2888 1628 2362 934 1181 400 0 2248 1522 
20030 6312 3902 3764 3649 3375 4342 2182 2074 1656 1758 1511 2292 2248 0 3771 
39956 6205 3340 3657 2183 1909 1694 4410 3151 3884 2456 2703 1922 1522 3771 0 
0 21809 24775 23900 25805 25531 39792 24902 25100 25387 25789 25547 26323 26723 25883 27442 
21809 0 2927 4112 4117 4358 4112 6366 5460 6851 4554 4801 5088 5488 7346 6269 
24775 2927 0 3207 1189 1431 2904 5707 2388 3966 2144 2391 2514 2914 3902 3341 
23900 4112 3207 0 1558 1777 3250 1994 1347 2479 2036 1794 2570 2970 2974 3688 
25805 4117 1189 1558 0 274 1747 3172 2095 3673 1851 2098 1357 1757 3609 2185 
25531 4358 1431 1777 274 0 1473 2898 1821 3399 1577 1824 1083 1483 3335 1910 
39792 4112 2904 3250 1747 1473 0 6376 3294 4872 3050 3297 2556 2094 4808 2491 
24902 6366 5707 1994 3172 2898 6376 0 2467 526 3156 1707 3690 4090 2182 4809 
25100 5460 2388 1347 2095 1821 3294 2467 0 1578 694 447 1228 1628 2074 3151 
25387 6851 3966 2479 3673 3399 4872 526 1578 0 1427 1180 1962 2362 1656 3884 
25789 4554 2144 2036 1851 1577 3050 3156 694 1427 0 247 534 934 1758 2456 
25547 4801 2391 1794 2098 1824 3297 1707 447 1180 247 0 781 1181 1511 2703 
26323 5088 2514 2570 1357 1083 2556 3690 1228 1962 534 781 0 400 2292 1922 
26723 5488 2914 2970 1757 1483 2094 4090 1628 2362 934 1181 400 0 2248 1522 
25883 7346 3902 2974 3609 3335 4808 2182 2074 1656 1758 1511 2292 2248 0 3771 
27442 6269 3341 3688 2185 1910 2491 4809 3151 3884 2456 2703 1922 1522 3771 0 
0 22132 22745 20899 22492 22218 38776 19267 20827 19173 20601 20354 21135 21535 20830 39956 
22132 0 3234 3788 4106 4348 4374 6775 4414 5982 4554 4801 5088 5488 6312 7011 
22745 3234 0 1856 1189 1431 1140 4098 2388 3571 2144 2391 2514 2914 3902 3340 
20899 3788 1856 0 1558 1800 3008 1820 1347 2256 2006 2253 2540 2940 3764 4463 
22492 4106 1189 1558 0 274 1450 3845 2095 3319 1891 2138 1357 1757 3649 2183 
22218 4348 1431 1800 274 0 1473 3571 1821 3045 1617 1864 1083 1483 3375 1909 
38776 4374 1140 3008 1450 1473 0 5044 3294 4518 3090 3337 2556 2094 4342 1694 
19267 6775 4098 1820 3845 3571 5044 0 2180 526 1954 1707 2488 2888 2182 4410 
20827 4414 2388 1347 2095 1821 3294 2180 0 1578 694 447 1228 1628 2074 3151 
19173 5982 3571 2256 3319 3045 4518 526 1578 0 1427 1180 1962 2362 1656 3884 
20601 4554 2144 2006 1891 1617 3090 1954 694 1427 0 247 534 934 1758 2456 
20354 4801 2391 2253 2138 1864 3337 1707 447 1180 247 0 781 1181 1511 2703 
21135 5088 2514 2540 1357 1083 2556 2488 1228 1962 534 781 0 400 2292 1922 
21535 5488 2914 2940 1757 1483 2094 2888 1628 2362 934 1181 400 0 2248 1522 
20830 6312 3902 3764 3649 3375 4342 2182 2074 1656 1758 1511 2292 2248 0 3771 
39956 7011 3340 4463 2183 1909 1694 4410 3151 3884 2456 2703 1922 1522 3771 0 
0 11085 10316 9829 10423 10550 10519 9310 10535 9030 10159 9940 10686 11744 10547 11682 
11085 0 575 1145 682 809 619 1663 2049 1875 1369 1774 987 2045 4629 1782 
10316 575 0 570 107 234 203 1088 1474 1300 794 1199 412 1470 4054 1366 
9829 1145 570 0 594 721 690 518 906 730 563 926 899 1957 3484 1853 
10423 682 107 594 0 127 216 1219 1605 1431 925 1330 305 1363 4185 1379 
10550 809 234 721 127 0 236 1239 1625 1451 945 1350 178 1236 4205 1399 
10519 619 203 690 216 236 0 1336 1722 1548 1042 1447 542 1600 4302 1163 
9310 1663 1088 518 1219 1239 1336 0 1225 212 882 1122 1409 2467 3135 2372 
10535 2049 1474 906 1605 1625 1722 1225 0 934 239 20 766 1824 2607 2418 
9030 1875 1300 730 1431 1451 1548 212 934 0 1129 910 1656 2714 2923 2652 
10159 1369 794 563 925 945 1042 882 239 1129 0 405 527 1585 3271 2188 
9940 1774 1199 926 1330 1350 1447 1122 20 910 405 0 746 1804 2866 2407 
10686 987 412 899 305 178 542 1409 766 1656 527 746 0 1058 4617 1918 
11744 2045 1470 1957 1363 1236 1600 2467 1824 2714 1585 1804 1058 0 5303 860 
10547 4629 4054 3484 4185 4205 4302 3135 2607 2923 3271 2866 4617 5303 0 2796 
11682 1782 1366 1853 1379 1399 1163 2372 2418 2652 2188 2407 1918 860 2796 0 
0 21985 21939 19776 21121 20918 23539 20143 20977 21416 20532 21169 20967 21787 25401 22926 
21985 0 2444 2673 2899 3505 3908 5399 3773 6672 3119 3965 3554 4374 8197 5513 
21939 2444 0 1760 1363 2519 2734 4486 2860 5759 2206 3052 2641 3461 7284 4489 
19776 2673 1760 0 1345 1451 3900 2788 1719 4061 1065 1911 1500 2320 6143 3459 
21121 2899 1363 1345 0 1156 4376 4182 2556 5455 1902 2748 1756 2576 6980 3164 
20918 3505 2519 1451 1156 0 3220 4124 2498 5397 868 2182 600 1420 6414 2008 
23539 3908 2734 3900 4376 3220 0 5842 4216 7115 3562 4408 3416 3415 8640 1755 
20143 5399 4486 2788 4182 4124 5842 0 3327 1273 2882 3519 3317 4137 6110 5276 
20977 3773 2860 1719 2556 2498 4216 3327 0 3912 625 192 1060 1880 4424 3129 
21416 6672 5759 4061 5455 5397 7115 1273 3912 0 2869 2436 3304 4124 4837 5373 
20532 3119 2206 1065 1902 868 3562 2882 625 2869 0 1314 435 1255 5546 2504 
21169 3965 3052 1911 2748 2182 4408 3519 192 2436 1314 0 868 1688 4232 2937 
20967 3554 2641 1500 1756 600 3416 3317 1060 3304 435 868 0 820 6273 2069 
21787 4374 3461 2320 2576 1420 3415 4137 1880 4124 1255 1688 820 0 6749 1249 
25401 8197 7284 6143 6980 6414 8640 6110 4424 4837 5546 4232 6273 6749 0 8097 
22926 5513 4489 3459 3164 2008 1755 5276 3129 5373 2504 2937 2069 1249 8097 0 
0 68605 62956 57769 61251 59007 66397 43656 52031 42874 51356 49297 54238 56333 47063 64036 
68605 0 29458 34058 36102 37668 38222 48923 39355 45875 37393 39452 40275 42370 47186 49965 
62956 29458 0 11388 7324 9178 8764 24184 16289 20082 11600 13659 13947 16042 21393 21475 
57769 34058 11388 0 10134 11700 19869 14865 13175 18967 11425 13484 14307 16402 21218 23997 
61251 36102 7324 10134 0 2244 9735 22479 14827 18377 9895 11954 7013 9108 19688 14541 
59007 37668 9178 11700 2244 0 10210 20235 12583 16133 7651 9710 4769 6864 17444 12297 
66397 38222 8764 19869 9735 10210 0 30445 22793 26343 17861 19920 14979 14343 25447 13479 
43656 48923 24184 14865 22479 20235 30445 0 13259 4102 12584 10525 15466 17561 10625 25963 
52031 39355 16289 13175 14827 12583 22793 13259 0 7870 4922 2863 7804 9899 9559 18301 
42874 45875 20082 18967 18377 16133 26343 4102 7870 0 8482 6423 11364 13459 6523 21861 
51356 37393 11600 11425 9895 7651 17861 12584 4922 8482 0 2059 2882 4977 9793 13379 
49297 39452 13659 13484 11954 9710 19920 10525 2863 6423 2059 0 4941 7036 7734 15438 
54238 40275 13947 14307 7013 4769 14979 15466 7804 11364 2882 4941 0 2095 12675 10497 
56333 42370 16042 16402 9108 6864 14343 17561 9899 13459 4977 7036 2095 0 11104 8402 
47063 47186 21393 21218 19688 17444 25447 10625 9559 6523 9793 7734 12675 11104 0 19506 
64036 49965 21475 23997 14541 12297 13479 25963 18301 21861 13379 15438 10497 8402 19506 0 
0 92198 99961 92954 106800 103558 107910 99056 101938 106474 105218 108186 109186 113418 115399 118953 
92198 0 12858 13306 22403 21471 23764 24651 24783 32069 23932 27788 27900 32132 40994 36866 
99961 12858 0 11699 9545 8613 16184 25035 19133 30958 13379 17235 16812 21044 39636 24008 
92954 13306 11699 0 14628 13097 20668 14665 11477 22083 14757 17725 18725 22957 31008 28492 
106800 22403 9545 14628 0 1208 8779 25560 16479 28304 10725 14581 9407 13639 36982 16603 
103558 21471 8613 13097 1208 0 7571 24352 15271 27096 9517 13373 8199 12431 35774 15395 
107910 23764 16184 20668 8779 7571 0 33429 24820 36645 19066 22922 17748 20778 45323 19282 
99056 24651 25035 14665 25560 24352 33429 0 22287 10165 25567 26539 29535 33767 30951 39302 
101938 24783 19133 11477 16479 15271 24820 22287 0 11825 10412 6248 14380 18612 20750 28287 
106474 32069 30958 22083 28304 27096 36645 10165 11825 0 20538 16374 24506 28738 20786 38413 
105218 23932 13379 14757 10725 9517 19066 25567 10412 20538 0 3856 3968 8200 26257 17875 
108186 27788 17235 17725 14581 13373 22922 26539 6248 16374 3856 0 8132 12364 22401 22039 
109186 27900 16812 18725 9407 8199 17748 29535 14380 24506 3968 8132 0 4232 32130 13907 
113418 32132 21044 22957 13639 12431 20778 33767 18612 28738 8200 12364 4232 0 35084 9675 
115399 40994 39636 31008 36982 35774 45323 30951 20750 20786 26257 22401 32130 35084 0 42319 
118953 36866 24008 28492 16603 15395 19282 39302 28287 38413 17875 22039 13907 9675 42319 0 
0 176919 170485 166402 166432 159595 182008 123943 142748 115099 140097 133990 147752 153666 136307 171957 
176919 0 80753 95442 100086 106253 105010 132431 110493 128161 103163 109270 110818 116732 131193 138393 
170485 80753 0 31891 19435 25602 24257 68344 46058 55386 30388 36495 37445 43359 58418 60007 
166402 95442 31891 0 28952 35119 55461 45622 34564 56022 32029 38136 39684 45598 60059 67259 
166432 100086 19435 28952 0 6837 26509 64291 42921 51333 26335 32442 18680 24594 54365 41242 
159595 106253 25602 35119 6837 0 26250 57454 36084 44496 19498 25605 11843 17757 47528 34405 
182008 105010 24257 55461 26509 26250 0 83704 62334 70746 45748 51855 38093 35944 66743 36415 
123943 132431 68344 45622 64291 57454 83704 0 40607 12958 37956 31849 45611 51525 34166 73186 
142748 110493 46058 34564 42921 36084 62334 40607 0 23414 13891 7784 21546 27460 28874 49121 
115099 128161 55386 56022 51333 44496 70746 12958 23414 0 24998 18891 32653 38567 21208 60228 
140097 103163 30388 32029 26335 19498 45748 37956 13891 24998 0 6107 7655 13569 28030 35230 
133990 109270 36495 38136 32442 25605 51855 31849 7784 18891 6107 0 13762 19676 21923 41337 
147752 110818 37445 39684 18680 11843 38093 45611 21546 32653 7655 13762 0 5914 35685 27575 
153666 116732 43359 45598 24594 17757 35944 51525 27460 38567 13569 19676 5914 0 30799 21661 
136307 131193 58418 60059 54365 47528 66743 34166 28874 21208 28030 21923 35685 30799 0 52459 
171957 138393 60007 67259 41242 34405 36415 73186 49121 60228 35230 41337 27575 21661 52459 0 
