3
40000 40000 40000
33
22821 0 -
27203 140 A
27711 340 B
27921 740 C
27922 340 D
27931 340 E
35692 140 A
36141 740 B
36161 740 C
36191 340 D
36331 140 E
36341 1490 A
36401 140 B
36423 340 C
36552 260 D
36622 340 E
37021 740 A
37901 340 B
45175 340 C
45271 1490 D
46021 740 E
46032 1500 A
46033 3490 B
46051 740 C
46461 340 D
561458 670 E
561476 3490 A
561608 1490 B
561631 140 C
703130 1490 D
703150 3490 E
703170 140 A
1000002 140 B
0 28062 25573 24276 24543 25571 17755 20423 21923 22604 20297 20436 18939 20199 20806 19210 24226 22492 18390 18083 20261 20558 20819 21536 22344 19382 21612 18004 24400 29104 28216 28221 20816 
0 69074 70800 63955 64221 62660 72189 31355 66754 65914 31797 31368 30853 71801 70144 70813 65058 68477 28006 30455 70873 70575 72267 71967 71524 72267 30430 72438 64418 64276 60291 60010 67415 
69074 0 2959 21568 3989 20273 12098 9185 24367 5982 10239 9172 12843 11710 10053 10721 4826 8245 15234 14792 10781 10484 12175 11875 11291 12176 12421 12346 4185 21889 17904 17623 25028 
70800 2959 0 1296 1030 2591 9138 6225 4653 3022 7280 6212 7826 8750 7093 7762 1866 5285 12274 11832 7822 7524 9216 8916 8332 9216 9251 9387 1226 4207 5094 18640 4756 
63955 21568 1296 0 266 1295 8234 5321 2799 1959 6376 5308 5337 7846 6189 6858 1103 4522 11370 10928 6917 6620 8311 8011 7568 8312 8347 8483 462 2910 3798 17343 3460 
64221 3989 1030 266 0 1561 8108 5195 3623 1992 6250 5182 6796 7720 6063 6732 836 4255 11244 10802 6792 6494 8186 7886 7302 8186 8221 8357 196 3177 4064 17610 3726 
62660 20273 2591 1295 1561 0 9529 6616 4094 3254 7671 6603 24129 9141 7484 8153 2398 5817 12665 12223 8212 7915 9606 9306 8863 9607 23707 9778 1757 1615 2503 16048 4755 
72189 12098 9138 8234 8108 9529 0 2668 4312 7060 3110 2681 2404 2443 4399 1455 46705 7642 5344 4902 3165 3386 5082 4782 9520 2286 3857 248 46065 45923 41938 41658 4281 
31355 9185 6225 5321 5195 6616 2668 0 1643 3274 441 12 1600 3698 2042 2710 44804 5285 7222 6781 2770 2472 4164 3864 7163 4164 3026 2917 44163 44021 40037 39756 3478 
66754 24367 4653 2799 3623 4094 4312 1643 0 1630 3577 2509 4123 5047 3390 4059 4067 6633 8571 8129 4118 3821 5512 5212 8512 5513 5548 5684 3427 5709 6597 20142 3267 
65914 5982 3022 1959 1992 3254 7060 3274 1630 0 4257 3190 4803 5727 4071 4739 2436 4909 9252 8810 4799 4501 6193 5893 6787 6193 6228 6364 1796 4870 5757 19303 2427 
31797 10239 7280 6376 6250 7671 3110 441 3577 4257 0 1751 1474 3744 3751 2756 45776 6994 7268 6826 3036 2739 4434 4134 8872 4210 2927 2791 45135 44993 41009 40728 3352 
31368 9172 6212 5308 5182 6603 2681 12 2509 3190 1751 0 1613 3686 2029 2697 44816 5272 7210 6768 2757 2460 4151 3851 7150 4152 3038 2930 44176 44034 40049 39769 3490 
30853 12843 7826 5337 6796 24129 2404 1600 4123 4803 1474 1613 0 3826 3643 2838 44301 47720 4393 6757 4371 4073 5765 5465 50766 4141 2828 2653 43660 43519 39534 39253 1877 
71801 11710 8750 7846 7720 9141 2443 3698 5047 5727 3744 3686 3826 0 3931 988 9030 7175 6828 6386 3217 2919 4614 4314 9053 3770 7590 3941 8389 48586 44601 44320 9020 
70144 10053 7093 6189 6063 7484 4399 2042 3390 4071 3751 2029 3643 3931 0 3770 6508 4652 8283 7841 2137 1840 3531 3231 6531 5225 5068 5395 5867 46063 42079 41798 6498 
70813 10721 7762 6858 6732 8153 1455 2710 4059 4739 2756 2697 2838 988 3770 0 8042 6186 5840 5398 2228 1931 3626 3326 8065 2782 6602 2953 7401 47597 43613 43332 8032 
65058 4826 1866 1103 836 2398 46705 44804 4067 2436 45776 44816 44301 9030 6508 8042 0 3419 11688 11247 5841 5544 6942 6642 6465 8630 8665 8801 640 3785 4672 18218 4334 
68477 8245 5285 4522 4255 5817 7642 5285 6633 4909 6994 5272 47720 7175 4652 6186 3419 0 8376 7934 2231 1933 3331 3031 2293 5318 7670 5489 4059 21669 17664 27511 7753 
28006 15234 12274 11370 11244 12665 5344 7222 8571 9252 7268 7210 4393 6828 8283 5840 11688 8376 0 448 4409 4112 5808 5508 8816 2172 9849 2839 10649 27388 23384 33231 11280 
30455 14792 11832 10928 10802 12223 4902 6781 8129 8810 6826 6768 6757 6386 7841 5398 11247 7934 448 0 4634 4337 6033 5733 17389 2398 10075 3065 10874 27614 23609 33456 11505 
70873 10781 7822 6917 6792 8212 3165 2770 4118 4799 3036 2757 4371 3217 2137 2228 5841 2231 4409 4634 0 297 1993 1693 5001 878 6035 3853 6834 23574 19569 29416 7465 
70575 10484 7524 6620 6494 7915 3386 2472 3821 4501 2739 2460 4073 2919 1840 1931 5544 1933 4112 4337 297 0 1696 1396 4704 3385 5737 3556 6537 23276 19272 29119 7168 
72267 12175 9216 8311 8186 9606 5082 4164 5512 6193 4434 4151 5765 4614 3531 3626 6942 3331 5808 6033 1993 1696 0 1656 4964 3646 5998 3816 6797 23537 19532 29379 7428 
71967 11875 8916 8011 7886 9306 4782 3864 5212 5893 4134 3851 5465 4314 3231 3326 6642 3031 5508 5733 1693 1396 1656 0 3033 4363 6715 4534 5214 22824 18820 28666 8146 
71524 11291 8332 7568 7302 8863 9520 7163 8512 6787 8872 7150 50766 9053 6531 8065 6465 2293 8816 17389 5001 4704 4964 3033 0 7196 9548 7367 6352 23962 19957 29804 10047 
72267 12176 9216 8312 8186 9607 2286 4164 5513 6193 4210 4152 4141 3770 5225 2782 8630 5318 2172 2398 878 3385 3646 4363 7196 0 6913 2535 7713 24452 20448 30295 8344 
30430 12421 9251 8347 8221 23707 3857 3026 5548 6228 2927 3038 2828 7590 5068 6602 8665 7670 9849 10075 6035 5737 5998 6715 9548 6913 0 4106 43238 43096 39111 38831 4258 
72438 12346 9387 8483 8357 9778 248 2917 5684 6364 2791 2930 2653 3941 5395 2953 8801 5489 2839 3065 3853 3556 3816 4534 7367 2535 4106 0 8423 46172 42187 41906 4530 
64418 4185 1226 462 196 1757 46065 44163 3427 1796 45135 44176 43660 8389 5867 7401 640 4059 10649 10874 6834 6537 6797 5214 6352 7713 43238 8423 0 3145 4032 17577 3694 
64276 21889 4207 2910 3177 1615 45923 44021 5709 4870 44993 44034 43519 48586 46063 47597 3785 21669 27388 27614 23574 23276 23537 22824 23962 24452 43096 46172 3145 0 887 14432 21837 
60291 17904 5094 3798 4064 2503 41938 40037 6597 5757 41009 40049 39534 44601 42079 43613 4672 17664 23384 23609 19569 19272 19532 18820 19957 20448 39111 42187 4032 887 0 13545 20950 
60010 17623 18640 17343 17610 16048 41658 39756 20142 19303 40728 39769 39253 44320 41798 43332 18218 27511 33231 33456 29416 29119 29379 28666 29804 30295 38831 41906 17577 14432 13545 0 7404 
67415 25028 4756 3460 3726 4755 4281 3478 3267 2427 3352 3490 1877 9020 6498 8032 4334 7753 11280 11505 7465 7168 7428 8146 10047 8344 4258 4530 3694 21837 20950 7404 0 
0 38046 41006 42466 42036 43761 30040 28942 45659 44028 29384 28955 27635 31462 72299 30474 69190 72293 24716 78036 74198 73900 74161 74918 78444 76463 27213 30289 42232 45377 63599 63318 29065 
38046 0 2959 4419 3989 5714 12691 9185 7612 5982 10239 9172 10286 10363 8597 9375 4826 8245 14263 14038 10199 9902 10162 10920 14446 12465 10754 12940 4185 7330 17904 17623 8409 
41006 2959 0 1460 1030 2755 9731 6225 4653 3022 7280 6212 7327 7404 5638 6416 1866 5285 11304 11079 7240 6942 7203 7960 11486 9506 7795 9980 1226 4371 19519 19238 5450 
42466 4419 1460 0 266 1295 7741 5162 2799 1959 6217 5149 5337 6341 4574 5352 874 4293 10312 10087 6248 5951 6211 6968 10494 8514 6731 7990 234 2910 20815 20534 3460 
42036 3989 1030 266 0 1725 8701 5195 3623 1992 6250 5182 6297 6374 4608 5386 836 4255 10274 10049 6210 5912 6173 6930 10456 8476 6765 8950 196 3341 20549 20268 4420 
43761 5714 2755 1295 1725 0 9036 6457 4094 3254 7512 6444 6632 7636 5869 6647 2169 5588 11607 11382 7543 7246 7506 8263 11789 9809 8026 9285 1529 1615 2503 21829 4755 
30040 12691 9731 7741 8701 9036 0 2668 4189 6709 2865 2681 2404 2443 4399 1455 8331 7951 3704 3479 3684 3386 3647 4364 6425 2286 4237 248 8505 10652 41938 41658 4281 
28942 9185 6225 5162 5195 6457 2668 0 1643 3202 441 12 1702 4090 2042 3102 4825 8458 7055 6829 2991 2693 2954 3671 12693 4434 1569 2917 4999 7353 41204 40923 3547 
45659 7612 4653 2799 3623 4094 4189 1643 0 1766 3598 1631 5144 3722 1956 2734 3388 6885 10938 10713 6874 6577 6837 7595 11121 9140 3214 4438 3562 5709 24308 24027 3267 
44028 5982 3022 1959 1992 3254 6709 3202 1766 0 4257 3190 4304 4381 2615 3393 1622 4724 10693 10468 6629 6332 6592 7350 10875 8895 4772 6957 1796 4941 22541 22260 2427 
29384 10239 7280 6217 6250 7512 2865 441 3598 4257 0 2215 1474 2398 3751 1409 5879 7303 7100 6875 3036 2739 2999 3717 5777 5302 3308 2791 6054 9199 41009 40728 3352 
28955 9172 6212 5149 5182 6444 2681 12 1631 3190 2215 0 1715 2339 2029 1351 4812 8445 7042 6817 2978 2680 2941 3658 12680 5244 1582 2930 4986 7340 25731 25451 4898 
27635 10286 7327 5337 6297 6632 2404 1702 5144 4304 1474 1715 0 3826 5781 2838 5926 9029 9130 8905 5067 4769 5030 5747 15180 4170 2828 2653 6101 8248 39534 39253 1877 
31462 10363 7404 6341 6374 7636 2443 4090 3722 4381 2398 2339 3826 0 3931 988 6003 7483 7281 7055 3217 2919 3180 3897 5958 5482 5659 2692 6178 9323 26923 26642 5703 
72299 8597 5638 4574 4608 5869 4399 2042 1956 2615 3751 2029 5781 3931 0 2943 3454 6738 6440 6215 2376 2079 2339 3057 10973 4642 5126 4647 4440 7585 25185 24905 5071 
30474 9375 6416 5352 5386 6647 1455 3102 2734 3393 1409 1351 2838 988 2943 0 5015 6495 6292 6067 2228 1931 2191 2909 4970 4494 4671 1704 5190 8335 25935 25654 4715 
69190 4826 1866 874 836 2169 8331 4825 3388 1622 5879 4812 5926 6003 3454 5015 0 3419 9778 9552 5714 5416 6736 6018 5711 7980 7209 9394 640 3785 21385 21104 4864 
72293 8245 5285 4293 4255 5588 7951 8458 6885 4724 7303 8445 9029 7483 6738 6495 3419 0 7890 7665 2865 2567 2307 1589 2292 6092 10628 6203 4059 7204 24805 24524 8283 
24716 14263 11304 10312 10274 11607 3704 7055 10938 10693 7100 7042 9130 7281 6440 6292 9778 7890 0 448 4409 4112 4372 5090 4628 2763 10715 7747 11219 14364 31964 31683 13921 
78036 14038 11079 10087 10049 11382 3479 6829 10713 10468 6875 6817 8905 7055 6215 6067 9552 7665 448 0 4634 4337 4597 5315 4853 2988 10940 7973 11444 14589 32189 31908 14146 
74198 10199 7240 6248 6210 7543 3684 2991 6874 6629 3036 2978 5067 3217 2376 2228 5714 2865 4409 4634 0 297 558 1275 3336 878 6900 3933 7404 10549 28149 27869 10107 
73900 9902 6942 5951 5912 7246 3386 2693 6577 6332 2739 2680 4769 2919 2079 1931 5416 2567 4112 4337 297 0 260 978 3038 2563 6602 3635 7107 10252 27852 27571 9809 
74161 10162 7203 6211 6173 7506 3647 2954 6837 6592 2999 2941 5030 3180 2339 2191 6736 2307 4372 4597 558 260 0 717 2778 2823 6863 3896 7367 10512 28112 27832 10070 
74918 10920 7960 6968 6930 8263 4364 3671 7595 7350 3717 3658 5747 3897 3057 2909 6018 1589 5090 5315 1275 978 717 0 2060 4503 7580 4613 8085 11230 28830 28549 10787 
78444 14446 11486 10494 10456 11789 6425 12693 11121 10875 5777 12680 15180 5958 10973 4970 5711 2292 4628 4853 3336 3038 2778 2060 0 3823 13645 10003 8709 11854 29454 29173 12933 
76463 12465 9506 8514 8476 9809 2286 4434 9140 8895 5302 5244 4170 5482 4642 4494 7980 6092 2763 2988 878 2563 2823 4503 3823 0 7778 2535 8283 11428 29028 28747 10985 
27213 10754 7795 6731 6765 8026 4237 1569 3214 4772 3308 1582 2828 5659 5126 4671 7209 10628 10715 10940 6900 6602 6863 7580 13645 7778 0 4486 6568 8923 39111 38831 5116 
30289 12940 9980 7990 8950 9285 248 2917 4438 6957 2791 2930 2653 2692 4647 1704 9394 6203 7747 7973 3933 3635 3896 4613 10003 2535 4486 0 8754 10901 42187 41906 4530 
42232 4185 1226 234 196 1529 8505 4999 3562 1796 6054 4986 6101 6178 4440 5190 640 4059 11219 11444 7404 7107 7367 8085 8709 8283 6568 8754 0 3145 20745 20464 4223 
45377 7330 4371 2910 3341 1615 10652 7353 5709 4941 9199 7340 8248 9323 7585 8335 3785 7204 14364 14589 10549 10252 10512 11230 11854 11428 8923 10901 3145 0 887 14432 16735 
63599 17904 19519 20815 20549 2503 41938 41204 24308 22541 41009 25731 39534 26923 25185 25935 21385 24805 31964 32189 28149 27852 28112 28830 29454 29028 39111 42187 20745 887 0 13545 15847 
63318 17623 19238 20534 20268 21829 41658 40923 24027 22260 40728 25451 39253 26642 24905 25654 21104 24524 31683 31908 27869 27571 27832 28549 29173 28747 38831 41906 20464 14432 13545 0 9604 
29065 8409 5450 3460 4420 4755 4281 3547 3267 2427 3352 4898 1877 5703 5071 4715 4864 8283 13921 14146 10107 9809 10070 10787 12933 10985 5116 4530 4223 16735 15847 9604 0 
0 36502 69838 68541 68808 67246 75944 72985 71340 70501 73401 72972 73879 75041 73297 74053 69416 75386 25355 25538 76152 74891 77259 76541 77678 76705 39939 76192 68776 68862 64858 61773 72001 
36502 0 41048 39751 40018 38456 47153 44195 42550 41711 44611 44182 45088 46251 44506 45263 40626 46596 49475 49249 47362 46101 48468 47751 48888 47915 11149 47402 39985 40072 36068 32983 43211 
69838 41048 0 1296 1030 2591 8698 5740 4095 3255 6156 5727 6633 7796 6051 6808 1866 21040 11019 10794 8907 7645 22913 22195 23332 9459 44600 8947 1226 4207 5094 20359 4756 
68541 39751 1296 0 266 1295 7402 4443 2799 1959 4859 4430 5337 6500 4755 5511 874 19744 9723 9498 7610 6349 21616 20899 22036 8163 43303 7650 234 2910 3798 19062 3460 
68808 40018 1030 266 0 1561 7668 4710 3065 2225 5126 4697 5603 6766 5021 5778 836 20010 9989 9764 7877 6615 21883 21165 22302 8429 43570 7917 196 3177 4064 19329 3726 
67246 38456 2591 1295 1561 0 8697 5738 4094 3254 6154 5725 6632 7795 6050 6806 2169 18449 11018 10793 8905 7644 20321 19604 20741 9458 42008 8945 1529 1615 2503 17767 4755 
75944 47153 8698 7402 7668 8697 0 2668 4589 6355 3386 2958 2404 2443 2875 1455 8262 14083 2940 2714 2659 2957 3217 3935 11791 1781 3857 248 7622 10298 11186 26450 7856 
72985 44195 5740 4443 4710 5738 2668 0 1643 3410 441 12 1600 2352 2042 1364 5317 24186 5816 5591 3463 2201 2462 3179 26478 4256 1569 2917 4677 7353 8241 23505 4910 
71340 42550 4095 2799 3065 4094 4589 1643 0 1766 2060 1631 3535 3701 1956 2712 3673 22543 6924 6699 4811 3550 3810 23698 24835 5364 3214 4851 3033 5709 6597 21861 3267 
70501 41711 3255 1959 2225 3254 6355 3410 1766 0 3827 3398 4304 5467 2615 4479 2834 21703 8690 8465 6578 5316 5577 22858 23995 7130 4980 6618 2193 4870 5757 21022 2427 
73401 44611 6156 4859 5126 6154 3386 441 2060 3827 0 2028 1474 2398 2284 1409 7333 26202 5690 5465 3508 2247 2507 3225 4635 4130 2927 2791 6692 9369 10256 25521 6926 
72972 44182 5727 4430 4697 5725 2958 12 1631 3398 2028 0 1903 2339 2029 1351 5304 24174 6119 5894 3450 2189 2449 3167 26466 4559 1582 3220 4664 7340 8228 23492 4898 
73879 45088 6633 5337 5603 6632 2404 1600 3535 4304 1474 1903 0 3826 3919 2838 7195 26064 5552 5327 4871 4079 4340 5057 14403 3992 2789 2653 6554 9231 10118 25383 1877 
75041 46251 7796 6500 6766 7795 2443 2352 3701 5467 2398 2339 3826 0 2408 988 7644 4504 5181 4956 3632 2371 2631 3349 4759 3621 3922 2692 7004 9680 10568 25832 7237 
73297 44506 6051 4755 5021 6050 2875 2042 1956 2615 2284 2029 3919 2408 0 1595 5658 4212 5808 5583 2376 2079 2339 3057 4467 3255 3611 3300 5018 7694 8582 23846 5251 
74053 45263 6808 5511 5778 6806 1455 1364 2712 4479 1409 1351 2838 988 1595 0 6656 3516 4193 3968 2644 1383 1643 2361 3771 2633 2933 1704 6015 8692 9579 24844 6249 
69416 40626 1866 874 836 2169 8262 5317 3673 2834 7333 5304 7195 7644 5658 6656 0 3419 14788 15311 8485 7224 5292 4574 5711 9038 44178 8525 640 3785 4672 19937 4334 
75386 46596 21040 19744 20010 18449 14083 24186 22543 21703 26202 24174 26064 4504 4212 3516 3419 0 11368 11892 2430 2133 1872 1155 2292 3309 45603 5614 4059 12916 8912 21362 16056 
25355 49475 11019 9723 9989 11018 2940 5816 6924 8690 5690 6119 5552 5181 5808 4193 14788 11368 0 448 3051 3348 3609 4326 9524 2172 7153 2839 15876 24733 20729 33179 5716 
25538 49249 10794 9498 9764 10793 2714 5591 6699 8465 5465 5894 5327 4956 5583 3968 15311 11892 448 0 3276 3574 3834 4552 9076 2398 7378 3065 15428 24285 20281 32730 5942 
76152 47362 8907 7610 7877 8905 2659 3463 4811 6578 3508 3450 4871 3632 2376 2644 8485 2430 3051 3276 0 297 558 1275 2564 878 4494 3183 7576 10253 11140 26405 7810 
74891 46101 7645 6349 6615 7644 2957 2201 3550 5316 2247 2189 4079 2371 2079 1383 7224 2133 3348 3574 297 0 260 978 2388 1176 4197 3480 7279 9955 10842 26107 7512 
77259 48468 22913 21616 21883 20321 3217 2462 3810 5577 2507 2449 4340 2631 2339 1643 5292 1872 3609 3834 558 260 0 717 2648 1436 4457 3741 5932 14789 10785 23235 7773 
76541 47751 22195 20899 21165 19604 3935 3179 23698 22858 3225 3167 5057 3349 3057 2361 4574 1155 4326 4552 1275 978 717 0 2060 2154 5175 4458 5214 14072 10067 22517 17211 
77678 48888 23332 22036 22302 20741 11791 26478 24835 23995 4635 26466 14403 4759 4467 3771 5711 2292 9524 9076 2564 2388 2648 2060 0 2961 47895 5266 6351 15208 11204 23654 18348 
76705 47915 9459 8163 8429 9458 1781 4256 5364 7130 4130 4559 3992 3621 3255 2633 9038 3309 2172 2398 878 1176 1436 2154 2961 0 5623 2304 9388 12065 12952 28217 9622 
39939 11149 44600 43303 43570 42008 3857 1569 3214 4980 2927 1582 2789 3922 3611 2933 44178 45603 7153 7378 4494 4197 4457 5175 47895 5623 0 4106 6246 8923 9810 25075 6480 
76192 47402 8947 7650 7917 8945 248 2917 4851 6618 2791 3220 2653 2692 3300 1704 8525 5614 2839 3065 3183 3480 3741 4458 5266 2304 4106 0 7871 10547 11435 26699 8104 
68776 39985 1226 234 196 1529 7622 4677 3033 2193 6692 4664 6554 7004 5018 6015 640 4059 15876 15428 7576 7279 5932 5214 6351 9388 6246 7871 0 3145 4032 19297 3694 
68862 40072 4207 2910 3177 1615 10298 7353 5709 4870 9369 7340 9231 9680 7694 8692 3785 12916 24733 24285 10253 9955 14789 14072 15208 12065 8923 10547 3145 0 887 16152 8287 
64858 36068 5094 3798 4064 2503 11186 8241 6597 5757 10256 8228 10118 10568 8582 9579 4672 8912 20729 20281 11140 10842 10785 10067 11204 12952 9810 11435 4032 887 0 15264 7400 
61773 32983 20359 19062 19329 17767 26450 23505 21861 21022 25521 23492 25383 25832 23846 24844 19937 21362 33179 32730 26405 26107 23235 22517 23654 28217 25075 26699 19297 16152 15264 0 7404 
72001 43211 4756 3460 3726 4755 7856 4910 3267 2427 6926 4898 1877 7237 5251 6249 4334 16056 5716 5942 7810 7512 7773 17211 18348 9622 6480 8104 3694 8287 7400 7404 0 
0 36750 75504 68790 40269 67495 75757 73233 71589 74361 73650 73221 74127 75290 78379 74302 72532 75634 81464 81239 77400 77103 78749 78032 77926 78279 74803 76006 73172 69111 65106 62022 72250 
36750 0 2959 3785 3519 38456 10752 8229 6584 5744 8645 8216 9122 10285 49341 9297 43493 46596 52425 52200 48362 48064 49711 48993 48888 49240 9798 11001 4019 40072 36068 32983 7245 
75504 2959 0 1296 1030 24711 8263 5740 4095 3255 6156 5727 6633 7796 7486 6808 2171 32850 38680 38455 34616 34319 35966 35248 35142 35495 7309 8512 1530 26327 22322 19238 4756 
68790 3785 1296 0 266 1295 6967 4443 2799 1959 4859 4430 5337 6500 6189 5511 874 4293 10124 9899 6060 5762 7409 6692 6586 8225 6013 7216 234 2910 3798 17343 3460 
40269 3519 1030 266 0 1561 7233 4710 3065 2225 5126 4697 5603 6766 6456 5778 1141 4560 10390 10165 6326 6029 7676 6958 6852 8491 6279 7482 500 3177 23352 20268 3726 
67495 38456 24711 1295 1561 0 8262 5738 4094 3254 6154 5725 6632 7795 32406 6806 26558 29661 35491 35265 31427 31129 32776 32058 31953 32305 7308 8511 1529 1615 2503 16048 4755 
75757 10752 8263 6967 7233 8262 0 2668 4589 6355 2865 2958 2404 2443 2875 1455 8262 5388 3801 2714 3165 2838 3099 4233 5226 2286 4237 248 7622 10298 11186 24731 7856 
73233 8229 5740 4443 4710 5738 2668 0 1643 3410 441 12 1702 2839 2042 1851 5317 8245 7050 6825 2986 2689 2949 3864 5077 4565 1569 2917 4677 7353 8241 21786 4910 
71589 6584 4095 2799 3065 4094 4589 1643 0 1766 2060 1631 5144 3701 3390 2712 3673 6601 8182 7957 4118 3821 8395 7677 8893 5426 3214 4417 3033 5709 6597 20142 3267 
74361 5744 3255 1959 2225 3254 6355 3410 1766 0 3827 3398 4304 5467 2376 4479 2834 4834 9343 9118 5279 4982 6629 5911 7127 6158 4980 6183 2193 4870 5757 19303 2427 
73650 8645 6156 4859 5126 6154 2865 441 2060 3827 0 2028 1474 2398 2284 1409 7272 4797 6608 6383 2544 2247 2507 3642 4635 4123 3308 3114 6631 9308 10195 23741 6865 
73221 8216 5727 4430 4697 5725 2958 12 1631 3398 2028 0 1715 2826 2029 1838 5304 8232 7037 6812 2973 2676 2936 3851 5064 4552 1582 3542 4664 7340 8228 21773 4898 
74127 9122 6633 5337 5603 6632 2404 1702 5144 4304 1474 1715 0 3826 4258 2838 6211 9139 4393 6186 4871 4221 4481 5616 11431 3992 3323 2653 5571 8248 9135 22680 1877 
75290 10285 7796 6500 6766 7795 2443 2839 3701 5467 2398 2826 3826 0 2408 988 9684 4921 6121 5896 2668 2371 2631 3766 4759 3701 5659 2692 9044 11720 12608 26153 9277 
78379 49341 7486 6189 6456 32406 2875 2042 3390 2376 2284 2029 4258 2408 0 1595 6431 4387 6201 5976 2137 1840 2100 3231 5292 3016 3611 3300 6445 9121 10009 24412 6679 
74302 9297 6808 5511 5778 6806 1455 1851 2712 4479 1409 1838 2838 988 1595 0 8696 3933 5133 4908 1680 1383 1643 2778 3771 2713 4671 1704 8055 10732 11619 25165 8289 
72532 43493 2171 874 1141 26558 8262 5317 3673 2834 7272 5304 6211 9684 6431 8696 0 3419 9249 9024 5185 4888 6534 5817 5711 6064 6887 8090 640 3785 5848 18298 4334 
75634 46596 32850 4293 4560 29661 5388 8245 6601 4834 4797 8232 9139 4921 4387 3933 3419 0 6593 6368 2430 2133 1872 1155 2292 4795 6589 6186 4129 13024 9020 21470 7262 
81464 52425 38680 10124 10390 35491 3801 7050 8182 9343 6608 7037 4393 6121 6201 5133 9249 6593 0 448 3051 4112 4372 5189 4628 2172 8177 2839 10474 19369 15365 27814 12874 
81239 52200 38455 9899 10165 35265 2714 6825 7957 9118 6383 6812 6186 5896 5976 4908 9024 6368 448 0 3276 4337 4597 5414 9076 2398 8402 3065 10699 19594 15590 28040 13099 
77400 48362 34616 6060 6326 31427 3165 2986 4118 5279 2544 2973 4871 2668 2137 1680 5185 2430 3051 3276 0 297 558 1275 2564 878 4339 3413 6560 15455 11451 23900 7146 
77103 48064 34319 5762 6029 31129 2838 2689 3821 4982 2247 2676 4221 2371 1840 1383 4888 2133 4112 4337 297 0 260 978 2388 1176 4042 3635 6262 15157 11153 23603 6848 
78749 49711 35966 7409 7676 32776 3099 2949 8395 6629 2507 2936 4481 2631 2100 1643 6534 1872 4372 4597 558 260 0 717 2778 1436 4302 3896 6002 14897 10893 23342 8402 
78032 48993 35248 6692 6958 32058 4233 3864 7677 5911 3642 3851 5616 3766 3231 2778 5817 1155 5189 5414 1275 978 717 0 2060 3640 5433 5030 5284 14179 10175 22625 7685 
77926 48888 35142 6586 6852 31953 5226 5077 8893 7127 4635 5064 11431 4759 5292 3771 5711 2292 4628 9076 2564 2388 2778 2060 0 2961 7744 5496 6421 15316 11312 23762 9554 
78279 49240 35495 8225 8491 32305 2286 4565 5426 6158 4123 4552 3992 3701 3016 2713 6064 4795 2172 2398 878 1176 1436 3640 2961 0 6004 2535 7438 16333 12329 24779 9622 
74803 9798 7309 6013 6279 7308 4237 1569 3214 4980 3308 1582 3323 5659 3611 4671 6887 6589 8177 8402 4339 4042 4302 5433 7744 6004 0 4486 6246 8923 9810 23355 6480 
76006 11001 8512 7216 7482 8511 248 2917 4417 6183 3114 3542 2653 2692 3300 1704 8090 6186 2839 3065 3413 3635 3896 5030 5496 2535 4486 0 7871 10547 11435 24980 8104 
73172 4019 1530 234 500 1529 7622 4677 3033 2193 6631 4664 5571 9044 6445 8055 640 4129 10474 10699 6560 6262 6002 5284 6421 7438 6246 7871 0 3145 4032 20464 3694 
69111 40072 26327 2910 3177 1615 10298 7353 5709 4870 9308 7340 8248 11720 9121 10732 3785 13024 19369 19594 15455 15157 14897 14179 15316 16333 8923 10547 3145 0 887 14432 16041 
65106 36068 22322 3798 23352 2503 11186 8241 6597 5757 10195 8228 9135 12608 10009 11619 5848 9020 15365 15590 11451 11153 10893 10175 11312 12329 9810 11435 4032 887 0 13545 15154 
62022 32983 19238 17343 20268 16048 24731 21786 20142 19303 23741 21773 22680 26153 24412 25165 18298 21470 27814 28040 23900 23603 23342 22625 23762 24779 23355 24980 20464 14432 13545 0 7404 
72250 7245 4756 3460 3726 4755 7856 4910 3267 2427 6865 4898 1877 9277 6679 8289 4334 7262 12874 13099 7146 6848 8402 7685 9554 9622 6480 8104 3694 16041 15154 7404 0 
0 36502 69838 68541 68808 67246 75944 72985 71340 70501 73401 72972 74876 75041 73297 74053 69416 75386 79092 78866 76152 74891 75151 76541 77678 77532 74555 76192 68776 68862 64858 61773 72001 
36502 0 41048 39751 40018 38456 47153 44195 42550 41711 44611 44182 46086 46251 44506 45263 40626 46596 50301 50076 47362 46101 46361 47751 48888 48741 45764 47402 39985 40072 36068 32983 43211 
69838 41048 0 1296 1030 2591 8698 5740 4095 3255 6156 5727 7631 7796 6051 6808 1866 5285 11846 11621 8907 7645 7906 6441 7577 10286 7309 8947 1226 4207 5094 20359 4756 
68541 39751 1296 0 266 1295 7402 4443 2799 1959 4859 4430 6334 6500 4755 5511 874 19744 10550 10325 7610 6349 6609 20899 22036 8990 6013 7650 234 2910 3798 19062 3460 
68808 40018 1030 266 0 1561 7668 4710 3065 2225 5126 4697 6601 6766 5021 5778 836 4255 10816 10591 7877 6615 6876 5411 6547 9256 6279 7917 196 3177 4064 19329 3726 
67246 38456 2591 1295 1561 0 8697 5738 4094 3254 6154 5725 7629 7795 6050 6806 2169 18449 11845 11620 8905 7644 7904 19604 20741 10285 7308 8945 1529 1615 2503 17767 4755 
75944 47153 8698 7402 7668 8697 0 2668 4589 6355 3386 2958 2404 2443 2875 1455 8262 27132 2940 2714 2659 2957 3217 3935 11791 1781 3857 248 7622 10298 11186 26450 7856 
72985 44195 5740 4443 4710 5738 2668 0 1643 3410 441 12 1600 2839 2042 1851 5317 24186 5816 5591 3950 2689 2949 3667 26478 4256 1569 2917 4677 7353 8241 23505 4910 
71340 42550 4095 2799 3065 4094 4589 1643 0 1766 2060 1631 3535 3701 1956 2712 3673 22543 7751 7525 4811 3550 3810 4528 24835 6191 3214 4851 3033 5709 6597 21861 3267 
70501 41711 3255 1959 2225 3254 6355 3410 1766 0 3827 3398 5302 5467 2615 4479 2834 21703 9517 9292 6578 5316 5577 22858 23995 7957 4980 6618 2193 4870 5757 21022 2427 
73401 44611 6156 4859 5126 6154 3386 441 2060 3827 0 2028 1474 2398 2284 1409 7333 26202 5690 5465 3508 2247 2507 3225 4635 4130 2927 2791 6692 9369 10256 25521 6926 
72972 44182 5727 4430 4697 5725 2958 12 1631 3398 2028 0 1903 2826 2029 1838 5304 24174 6119 5894 3937 2676 2936 3654 26466 4559 1582 3220 4664 7340 8228 23492 4898 
74876 46086 7631 6334 6601 7629 2404 1600 3535 5302 1474 1903 0 3826 3919 2838 7195 26064 5552 5327 4871 4566 4827 5544 28356 3992 2789 2653 6554 9231 10118 25383 1877 
75041 46251 7796 6500 6766 7795 2443 2839 3701 5467 2398 2826 3826 0 2408 988 7644 4504 5181 4956 3632 2371 2631 3349 4759 3621 3922 2692 7004 9680 10568 25832 7237 
73297 44506 6051 4755 5021 6050 2875 2042 1956 2615 2284 2029 3919 2408 0 1595 5658 4212 5808 5583 2376 2079 2339 3057 4467 3255 3611 3300 5018 7694 8582 23846 5251 
74053 45263 6808 5511 5778 6806 1455 1851 2712 4479 1409 1838 2838 988 1595 0 6656 3516 4193 3968 2644 1383 1643 2361 3771 2633 2933 1704 6015 8692 9579 24844 6249 
69416 40626 1866 874 836 2169 8262 5317 3673 2834 7333 5304 7195 7644 5658 6656 0 3419 11424 11199 8485 7224 5292 4574 5711 9864 6887 8525 640 3785 4672 19937 4334 
75386 46596 5285 19744 4255 18449 27132 24186 22543 21703 26202 24174 26064 4504 4212 3516 3419 0 12117 11892 2430 2133 1872 1155 2292 3309 18609 5614 4059 12916 8912 21362 16056 
79092 50301 11846 10550 10816 11845 2940 5816 7751 9517 5690 6119 5552 5181 5808 4193 11424 12117 0 448 3051 3348 3609 4326 9524 2172 7796 2839 11561 14238 15125 30390 5716 
78866 50076 11621 10325 10591 11620 2714 5591 7525 9292 5465 5894 5327 4956 5583 3968 11199 11892 448 0 3276 3574 3834 4552 9076 2398 8021 3065 15428 24285 20281 32730 5942 
76152 47362 8907 7610 7877 8905 2659 3950 4811 6578 3508 3937 4871 3632 2376 2644 8485 2430 3051 3276 0 297 558 1275 2564 878 4494 3183 7576 10253 11140 26405 7810 
74891 46101 7645 6349 6615 7644 2957 2689 3550 5316 2247 2676 4566 2371 2079 1383 7224 2133 3348 3574 297 0 260 978 2388 1176 4197 3480 7279 9955 10842 26107 7512 
75151 46361 7906 6609 6876 7904 3217 2949 3810 5577 2507 2936 4827 2631 2339 1643 5292 1872 3609 3834 558 260 0 717 2648 1436 4457 3741 7539 10216 11103 26368 7773 
76541 47751 6441 20899 5411 19604 3935 3667 4528 22858 3225 3654 5544 3349 3057 2361 4574 1155 4326 4552 1275 978 717 0 2060 2154 5175 4458 5214 14072 10067 22517 17211 
77678 48888 7577 22036 6547 20741 11791 26478 24835 23995 4635 26466 28356 4759 4467 3771 5711 2292 9524 9076 2564 2388 2648 2060 0 2961 6466 5266 6351 15208 11204 23654 18348 
77532 48741 10286 8990 9256 10285 1781 4256 6191 7957 4130 4559 3992 3621 3255 2633 9864 3309 2172 2398 878 1176 1436 2154 2961 0 5623 2304 9388 12065 12952 28217 9622 
74555 45764 7309 6013 6279 7308 3857 1569 3214 4980 2927 1582 2789 3922 3611 2933 6887 18609 7796 8021 4494 4197 4457 5175 6466 5623 0 4106 6246 8923 9810 25075 6480 
76192 47402 8947 7650 7917 8945 248 2917 4851 6618 2791 3220 2653 2692 3300 1704 8525 5614 2839 3065 3183 3480 3741 4458 5266 2304 4106 0 7871 10547 11435 26699 8104 
68776 39985 1226 234 196 1529 7622 4677 3033 2193 6692 4664 6554 7004 5018 6015 640 4059 11561 15428 7576 7279 7539 5214 6351 9388 6246 7871 0 3145 4032 19297 3694 
68862 40072 4207 2910 3177 1615 10298 7353 5709 4870 9369 7340 9231 9680 7694 8692 3785 12916 14238 24285 10253 9955 10216 14072 15208 12065 8923 10547 3145 0 887 16152 8287 
64858 36068 5094 3798 4064 2503 11186 8241 6597 5757 10256 8228 10118 10568 8582 9579 4672 8912 15125 20281 11140 10842 11103 10067 11204 12952 9810 11435 4032 887 0 15264 7400 
61773 32983 20359 19062 19329 17767 26450 23505 21861 21022 25521 23492 25383 25832 23846 24844 19937 21362 30390 32730 26405 26107 26368 22517 23654 28217 25075 26699 19297 16152 15264 0 7404 
72001 43211 4756 3460 3726 4755 7856 4910 3267 2427 6926 4898 1877 7237 5251 6249 4334 16056 5716 5942 7810 7512 7773 17211 18348 9622 6480 8104 3694 8287 7400 7404 0 
0 11078 11481 11523 11573 10877 15272 12594 12154 12225 13459 12780 12098 14677 13681 14094 11931 14502 15751 18761 14810 14528 14918 14684 14762 15608 12356 16073 11772 10894 10863 10859 12320 
11078 0 556 915 671 269 4532 3126 1546 1420 3462 3002 3054 3937 2941 3354 1029 3600 10048 11970 4070 3788 4178 3944 3860 4868 3312 5333 870 286 255 251 1712 
11481 556 0 669 115 1442 3976 2570 1066 864 2906 2446 3436 3381 2385 2798 473 3044 9492 11414 3514 3232 3622 3388 3304 4312 3382 4777 314 1459 1463 1463 1466 
11523 915 669 0 50 773 3749 2343 631 702 2679 2219 3070 3154 2158 2571 408 2979 9265 11187 3287 3005 3395 3161 3239 4085 3155 4550 249 790 794 794 797 
11573 671 115 50 0 1327 3861 2455 951 749 2791 2331 3321 3266 2270 2683 358 2929 9377 11299 3399 3117 3507 3273 3189 4197 3267 4662 199 1344 1348 1348 1351 
10877 269 1442 773 1327 0 4395 2989 1277 1348 3325 2865 3290 3800 2804 3217 1054 3625 9911 11833 3933 3651 4041 3807 3885 4731 3548 5196 895 17 21 21 1443 
15272 4532 3976 3749 3861 4395 0 2956 4290 4803 3821 3142 2468 2743 3436 2160 5158 5071 7530 9452 3951 4171 4579 4345 5202 2350 3538 801 4999 4121 4090 4086 4069 
12594 3126 2570 2343 2455 2989 2956 0 1334 2400 865 186 866 3424 2428 2841 2736 4063 9535 11457 3557 3275 3665 3431 4194 4355 812 3887 2577 1699 1668 1664 2467 
12154 1546 1066 631 951 1277 4290 1334 0 1066 2048 1588 2578 2523 1527 1940 1843 3162 8634 10556 2656 2374 2764 2530 3293 3454 2524 3919 1684 2237 2241 2241 1616 
12225 1420 864 702 749 1348 4803 2400 1066 0 2042 1582 2572 2517 1521 1934 777 3126 8628 10550 2650 2368 2758 2524 3257 3448 2518 3913 618 1498 1502 1502 877 
13459 3462 2906 2679 2791 3325 3821 865 2048 2042 0 1891 1217 3502 3189 2919 3907 4824 9613 11535 4206 3924 4332 4098 4955 4433 2287 4238 3748 2870 2839 2835 2818 
12780 3002 2446 2219 2331 2865 3142 186 1588 1582 1891 0 990 3238 2242 2655 2860 3877 9349 11271 3371 3089 3479 3245 4008 4169 936 4011 2701 1823 1792 1788 2591 
12098 3054 3436 3070 3321 3290 2468 866 2578 2572 1217 990 0 4101 3995 3518 2690 5261 9385 12288 5124 4842 5232 4998 5521 5186 1737 4100 2531 1653 1622 1618 1601 
14677 3937 3381 3154 3266 3800 2743 3424 2523 2517 3502 3238 4101 0 2362 1086 4506 3997 8044 9966 3379 3097 3505 3271 4128 2864 4334 3329 4347 5221 5190 5186 4606 
13681 2941 2385 2158 2270 2804 3436 2428 1527 1521 3189 2242 3995 2362 0 1391 2267 1758 8085 10007 1252 970 1360 1126 1889 2905 2095 3370 2108 2982 2951 2947 2367 
14094 3354 2798 2571 2683 3217 2160 2841 1940 1934 2919 2655 3518 1086 1391 0 3420 2911 6958 8880 2293 2011 2419 2185 3042 1778 3248 2243 3261 4135 4104 4100 3520 
11931 1029 473 408 358 1054 5158 2736 1843 777 3907 2860 2690 4506 2267 3420 0 2571 9441 11363 3317 3035 3261 3027 2831 4261 3331 4726 263 1412 1416 1416 1419 
14502 3600 3044 2979 2929 3625 5071 4063 3162 3126 4824 3877 5261 3997 1758 2911 2571 0 8364 10286 1531 1249 1475 1241 428 3184 3543 3649 2149 2455 2424 2420 3305 
15751 10048 9492 9265 9377 9911 7530 9535 8634 8628 9613 9349 9385 8044 8085 6958 9441 8364 0 3067 6630 6348 6881 6647 7982 5768 8767 6648 8780 9286 9255 9251 9039 
18761 11970 11414 11187 11299 11833 9452 11457 10556 10550 11535 11271 12288 9966 10007 8880 11363 10286 3067 0 9135 8853 9386 9152 10432 8273 11272 9153 11285 11791 11760 11756 11544 
14810 4070 3514 3287 3399 3933 3951 3557 2656 2650 4206 3371 5124 3379 1252 2293 3317 1531 6630 9135 0 965 1498 1264 2599 2238 3384 3490 3397 3903 3872 3868 3656 
14528 3788 3232 3005 3117 3651 4171 3275 2374 2368 3924 3089 4842 3097 970 2011 3035 1249 6348 8853 965 0 533 299 1634 2060 2419 2525 2432 2938 2907 2903 2691 
14918 4178 3622 3395 3507 4041 4579 3665 2764 2758 4332 3479 5232 3505 1360 2419 3261 1475 6881 9386 1498 533 0 354 1689 2115 2474 2580 2487 2993 2962 2958 2746 
14684 3944 3388 3161 3273 3807 4345 3431 2530 2524 4098 3245 4998 3271 1126 2185 3027 1241 6647 9152 1264 299 354 0 1350 3035 3394 3500 3368 3674 3643 3639 3666 
14762 3860 3304 3239 3189 3885 5202 4194 3293 3257 4955 4008 5521 4128 1889 3042 2831 428 7982 10432 2599 1634 1689 1350 0 3404 3763 3869 2666 2972 2941 2937 3822 
15608 4868 4312 4085 4197 4731 2350 4355 3454 3448 4433 4169 5186 2864 2905 1778 4261 3184 5768 8273 2238 2060 2115 3035 3404 0 4985 3498 4998 5504 5473 5469 5257 
12356 3312 3382 3155 3267 3548 3538 812 2524 2518 2287 936 1737 4334 2095 3248 3331 3543 8767 11272 3384 2419 2474 3394 3763 4985 0 5642 3512 2634 2603 2599 3407 
16073 5333 4777 4550 4662 5196 801 3887 3919 3913 4238 4011 4100 3329 3370 2243 4726 3649 6648 9153 3490 2525 2580 3500 3869 3498 5642 0 5590 4855 4824 4820 4803 
11772 870 314 249 199 895 4999 2577 1684 618 3748 2701 2531 4347 2108 3261 263 2149 8780 11285 3397 2432 2487 3368 2666 4998 3512 5590 0 1149 1153 1153 1156 
10894 286 1459 790 1344 17 4121 1699 2237 1498 2870 1823 1653 5221 2982 4135 1412 2455 9286 11791 3903 2938 2993 3674 2972 5504 2634 4855 1149 0 4 4 1465 
10863 255 1463 794 1348 21 4090 1668 2241 1502 2839 1792 1622 5190 2951 4104 1416 2424 9255 11760 3872 2907 2962 3643 2941 5473 2603 4824 1153 4 0 0 1461 
10859 251 1463 794 1348 21 4086 1664 2241 1502 2835 1788 1618 5186 2947 4100 1416 2420 9251 11756 3868 2903 2958 3639 2937 5469 2599 4820 1153 4 0 0 1461 
12320 1712 1466 797 1351 1443 4069 2467 1616 877 2818 2591 1601 4606 2367 3520 1419 3305 9039 11544 3656 2691 2746 3666 3822 5257 3407 4803 1156 1465 1461 1461 0 
0 23970 24772 26381 25136 27075 29220 28262 29489 26560 32224 29596 25696 30218 30537 29371 26166 28305 39329 40793 30345 29553 30044 29815 31122 34400 28073 31892 25889 29269 25713 23950 27844 
23970 0 802 2411 1166 3105 10811 8075 5519 2590 8363 6200 7287 8577 6939 7730 2607 5082 19625 17851 7403 6611 7102 6873 8180 11458 10839 13483 1919 5299 3497 1734 4488 
24772 802 0 1609 364 2303 10009 7273 4717 1788 7561 5398 6485 7775 6137 6928 1805 4280 18823 17049 6601 5809 6300 6071 7378 10656 10037 12681 1117 4497 2733 970 3686 
26381 2411 1609 0 1648 694 8641 7236 4376 1751 7524 5361 5117 7738 6100 6891 1866 4341 18884 17110 6662 5870 6361 6132 7439 10717 10000 11313 1178 2888 5225 3462 2318 
25136 1166 364 1648 0 1939 9645 6909 4353 1424 7197 5034 6121 7411 5773 6564 1441 3916 18459 16685 6237 5445 5936 5707 7014 10292 9673 12317 753 4133 3577 1814 3322 
27075 3105 2303 694 1939 0 12254 10849 7989 5364 11137 8974 8730 11351 9713 10504 5479 7954 22497 20723 10275 9483 9974 9745 11052 14330 13613 14926 4791 2194 5533 7075 5931 
29220 10811 10009 8641 9645 12254 0 6680 10577 9843 6842 8014 4248 4485 9225 3638 11294 12355 19634 17860 9603 8811 9302 9644 14292 10489 9444 2672 10783 13389 12519 10756 7706 
28262 8075 7273 7236 6909 10849 6680 0 3902 5762 3962 1334 2744 5023 6885 4176 7213 8633 21604 19830 9382 8590 9081 9423 11165 13249 2764 6697 6702 9615 10544 8781 5731 
29489 5519 4717 4376 4353 7989 10577 3902 0 2167 5527 3258 5533 5741 4103 4894 3618 5312 19289 17515 7067 6275 6766 6537 7844 11122 7897 10906 3107 5713 7223 5460 2734 
26560 2590 1788 1751 1424 5364 9843 5762 2167 0 5773 3610 4697 5987 4349 5140 1451 3590 17852 16078 5630 4838 5329 5100 6407 9685 8249 10893 940 4320 5056 3293 1898 
32224 8363 7561 7524 7197 11137 6842 3962 5527 5773 0 5461 3303 3795 6273 2948 8525 9403 18873 17099 6651 5859 6350 6692 11340 10706 8499 7066 8014 11394 11574 9811 6761 
29596 6200 5398 5361 5034 8974 8014 1334 3258 3610 5461 0 4619 5192 5551 4345 5879 7299 20270 18496 8048 7256 7747 8089 9831 12103 4639 8572 5368 8281 9484 7721 5302 
25696 7287 6485 5117 6121 8730 4248 2744 5533 4697 3303 4619 0 4522 9262 3675 7046 9185 21862 20088 9640 8848 9339 9681 12002 12748 6418 6196 6535 9141 8271 6508 3458 
30218 8577 7775 7738 7411 11351 4485 5023 5741 5987 3795 5192 4522 0 6994 1407 9555 10124 19594 17820 7372 6580 7071 7413 12061 11427 10844 7419 9044 12424 13160 11397 9106 
30537 6939 6137 6100 5773 9713 9225 6885 4103 4349 6273 5551 9262 6994 0 4618 5877 6579 18656 16882 6434 5642 6133 6475 9111 10489 10623 10630 6001 9381 10117 8354 6959 
29371 7730 6928 6891 6564 10504 3638 4176 4894 5140 2948 4345 3675 1407 4618 0 8148 8717 18187 16413 5965 5173 5664 6006 10654 10020 9437 6012 7637 11017 11753 9990 7699 
26166 2607 1805 1866 1441 5479 11294 7213 3618 1451 8525 5879 7046 9555 5877 8148 0 2475 17777 16003 5555 4763 5174 4771 6045 9610 9262 11906 342 3722 4458 2695 2911 
28305 5082 4280 4341 3916 7954 12355 8633 5312 3590 9403 7299 9185 10124 6579 8717 2475 0 15723 13949 3956 3164 2972 2569 3570 7556 12179 11616 3259 6639 7375 5612 5828 
39329 19625 18823 18884 18459 22497 19634 21604 19289 17852 18873 20270 21862 19594 18656 18187 17777 15723 0 9111 13098 12306 12797 13139 16837 9011 24183 20758 17602 20982 21718 19955 20102 
40793 17851 17049 17110 16685 20723 17860 19830 17515 16078 17099 18496 20088 17820 16882 16413 16003 13949 9111 0 14872 14080 14571 14913 18611 10785 25957 22532 19376 22756 23492 21729 21876 
30345 7403 6601 6662 6237 10275 9603 9382 7067 5630 6651 8048 9640 7372 6434 5965 5555 3956 13098 14872 0 2051 2542 2884 7532 5834 13928 10503 7347 10727 11463 9700 9847 
29553 6611 5809 5870 5445 9483 8811 8590 6275 4838 5859 7256 8848 6580 5642 5173 4763 3164 12306 14080 2051 0 491 833 5481 4847 11877 8452 5296 8676 9412 7649 7796 
30044 7102 6300 6361 5936 9974 9302 9081 6766 5329 6350 7747 9339 7071 6133 5664 5174 2972 12797 14571 2542 491 0 342 4990 5039 12069 8644 5488 8868 9604 7841 7988 
29815 6873 6071 6132 5707 9745 9644 9423 6537 5100 6692 8089 9681 7413 6475 6006 4771 2569 13139 14913 2884 833 342 0 4648 4987 12472 9047 5891 9271 10007 8244 8391 
31122 8180 7378 7439 7014 11052 14292 11165 7844 6407 11340 9831 12002 12061 9111 10654 6045 3570 16837 18611 7532 5481 4990 4648 0 8713 14000 13086 5849 9229 9965 8202 8418 
34400 11458 10656 10717 10292 14330 10489 13249 11122 9685 10706 12103 12748 11427 10489 10020 9610 7556 9011 10785 5834 4847 5039 4987 8713 0 18318 12944 11737 15117 15853 14090 14237 
28073 10839 10037 10000 9673 13613 9444 2764 7897 8249 8499 4639 6418 10844 10623 9437 9262 12179 24183 25957 13928 11877 12069 12472 14000 18318 0 10898 10903 13816 12118 10355 9932 
31892 13483 12681 11313 12317 14926 2672 6697 10906 10893 7066 8572 6196 7419 10630 6012 11906 11616 20758 22532 10503 8452 8644 9047 13086 12944 10898 0 11571 14177 13307 11544 8494 
25889 1919 1117 1178 753 4791 10783 6702 3107 940 8014 5368 6535 9044 6001 7637 342 3259 17602 19376 7347 5296 5488 5891 5849 11737 10903 11571 0 3380 4116 2353 2569 
29269 5299 4497 2888 4133 2194 13389 9615 5713 4320 11394 8281 9141 12424 9381 11017 3722 6639 20982 22756 10727 8676 8868 9271 9229 15117 13816 14177 3380 0 3339 4888 9714 
25713 3497 2733 5225 3577 5533 12519 10544 7223 5056 11574 9484 8271 13160 10117 11753 4458 7375 21718 23492 11463 9412 9604 10007 9965 15853 12118 13307 4116 3339 0 1549 6375 
23950 1734 970 3462 1814 7075 10756 8781 5460 3293 9811 7721 6508 11397 8354 9990 2695 5612 19955 21729 9700 7649 7841 8244 8202 14090 10355 11544 2353 4888 1549 0 5037 
27844 4488 3686 2318 3322 5931 7706 5731 2734 1898 6761 5302 3458 9106 6959 7699 2911 5828 20102 21876 9847 7796 7988 8391 8418 14237 9932 8494 2569 9714 6375 5037 0 
