2
40000 40000 
22
22821 0 -
43261 340 D
43264 840 E
43461 140 A
43801 590 B
43842 140 C
43971 740 D
44241 340 E
44276 340 A
44472 3500 B
44522 740 C
44531 740 D
44532 1490 E
44551 340 A
44761 140 B
44851 200 C
52691 200 D
53042 140 E
53421 740 A
561353 140 B
561596 740 C
561598 740 D
0 9823 10162 10533 11029 12068 11984 13298 14403 14913 13442 13842 13692 14810 15821 16040 15788 13219 15158 14157 16489 15865 
0 11238 11576 12343 19659 25677 15003 22116 22770 23360 23178 22620 22470 23580 24741 26413 19688 24526 23748 22747 26856 26232 
11238 0 338 1553 5902 4081 4213 6482 7136 7726 7544 6986 6836 7946 9106 10779 9495 5100 7779 6781 11222 10598 
11576 338 0 370 6241 4420 4552 6143 6798 7387 7205 6647 6497 7607 8768 10440 9834 5438 8117 7120 10883 10259 
12343 1553 370 0 4875 3054 3186 6513 7168 7758 7575 7018 6867 7978 9138 10810 8468 4072 6752 5754 11253 10629 
19659 5902 6241 4875 0 5513 7536 15157 15812 16402 11250 11807 11949 12775 13328 12752 6957 4362 5245 4244 13194 12571 
25677 4081 4420 3054 5513 0 2676 9777 10432 11022 5869 6427 6568 7395 7947 7371 6232 1837 4516 3518 7814 7190 
15003 4213 4552 3186 7536 2676 0 8830 9485 7022 3923 4480 4622 5449 6001 5425 6378 1982 4859 3664 5868 5244 
22116 6482 6143 6513 15157 9777 8830 0 1989 3368 2655 2097 1954 2889 6103 3297 14536 11489 10776 11822 5686 3116 
22770 7136 6798 7168 15812 10432 9485 1989 0 589 3440 2882 3032 1914 5128 6529 15321 12274 11561 12607 3738 3901 
23360 7726 7387 7758 16402 11022 7022 3368 589 0 3084 2526 2677 1558 3572 5940 14965 11918 11206 12251 3148 4239 
23178 7544 7205 7575 11250 5869 3923 2655 3440 3084 0 557 699 1525 3811 3235 11880 8833 8121 9167 3678 3054 
22620 6986 6647 7018 11807 6427 4480 2097 2882 2526 557 0 150 968 4368 3792 12438 9391 8679 9724 4235 3611 
22470 6836 6497 6867 11949 6568 4622 1954 3032 2677 699 150 0 1110 2270 3942 12588 9541 8829 9874 4385 3762 
23580 7946 7607 7978 12775 7395 5449 2889 1914 1558 1525 968 1110 0 2072 2167 13406 10359 9647 10693 2610 1986 
24741 9106 8768 9138 13328 7947 6001 6103 5128 3572 3811 4368 2270 2072 0 2883 13369 10322 9610 10656 716 739 
26413 10779 10440 10810 12752 7371 5425 3297 6529 5940 3235 3792 3942 2167 2883 0 12836 9789 9077 10122 830 206 
19688 9495 9834 8468 6957 6232 6378 14536 15321 14965 11880 12438 12588 13406 13369 12836 0 4837 4060 3059 13669 13046 
24526 5100 5438 4072 4362 1837 1982 11489 12274 11918 8833 9391 9541 10359 10322 9789 4837 0 3577 2579 8832 8208 
23748 7779 8117 6752 5245 4516 4859 10776 11561 11206 8121 8679 8829 9647 9610 9077 4060 3577 0 1001 11611 10988 
22747 6781 7120 5754 4244 3518 3664 11822 12607 12251 9167 9724 9874 10693 10656 10122 3059 2579 1001 0 10610 9987 
26856 11222 10883 11253 13194 7814 5868 5686 3738 3148 3678 4235 4385 2610 716 830 13669 8832 11611 10610 0 623 
26232 10598 10259 10629 12571 7190 5244 3116 3901 4239 3054 3611 3762 1986 739 206 13046 8208 10988 9987 623 0 
0 11072 11290 12121 14450 14186 13448 16522 19910 18522 15630 16030 15880 16750 18095 18754 19495 15204 17088 16087 19584 18960 
11072 0 1419 1049 5816 4103 3365 5216 7134 7917 4736 5136 4986 6146 7201 8671 10512 5121 8454 7453 9501 8877 
11290 1419 0 370 5138 3425 2687 3797 5715 6498 3317 3717 3567 4727 5782 7993 9833 4443 7776 6775 6511 5846 
12121 1049 370 0 4767 3054 2316 4167 6085 6868 3687 4087 3937 5097 6152 7622 9463 4072 7405 6404 8452 7828 
14450 5816 5138 4767 0 2810 5268 8961 10878 11661 8480 8881 8731 9890 11537 10574 5314 5294 5245 4244 11404 10780 
14186 4103 3425 3054 2810 0 2263 7279 9197 9980 6799 7200 7049 8209 8531 7568 6194 1837 4136 3135 8398 7775 
13448 3365 2687 2316 5268 2263 0 8436 8888 8113 4766 5424 5574 6359 6268 5305 7650 1982 5593 4592 6135 5511 
16522 5216 3797 4167 8961 7279 8436 0 1917 2507 2704 2208 2058 2041 3829 5317 18743 13353 16685 15684 4557 4569 
19910 7134 5715 6085 10878 9197 8888 1917 0 589 4033 3475 3625 1914 3262 4750 14440 11032 12382 11381 3990 4001 
18522 7917 6498 6868 11661 9980 8113 2507 589 0 4291 3733 3883 2172 3908 4034 14841 11433 12783 11782 3180 3803 
15630 4736 3317 3687 8480 6799 4766 2704 4033 4291 0 557 699 1525 2686 2781 10288 5929 8230 7229 3414 3425 
16030 5136 3717 4087 8881 7200 5424 2208 3475 3733 557 0 150 968 2128 2223 13550 6487 11493 10492 2856 2868 
15880 4986 3567 3937 8731 7049 5574 2058 3625 3883 699 150 0 1118 2278 2374 13400 6628 11342 10341 3006 3018 
16750 6146 4727 5097 9890 8209 6359 2041 1914 2172 1525 968 1118 0 2072 2167 11857 8449 9799 8798 2800 2811 
18095 7201 5782 6152 11537 8531 6268 3829 3262 3908 2686 2128 2278 2072 0 970 11777 8369 9719 8718 728 739 
18754 8671 7993 7622 10574 7568 5305 5317 4750 4034 2781 2223 2374 2167 970 0 11244 7836 9186 8185 830 206 
19495 10512 9833 9463 5314 6194 7650 18743 14440 14841 10288 13550 13400 11857 11777 11244 0 5055 4278 3277 13237 12613 
15204 5121 4443 4072 5294 1837 1982 13353 11032 11433 5929 6487 6628 8449 8369 7836 5055 0 2779 1778 9175 8552 
17088 8454 7776 7405 5245 4136 5593 16685 12382 12783 8230 11493 11342 9799 9719 9186 4278 2779 0 1001 10961 10337 
16087 7453 6775 6404 4244 3135 4592 15684 11381 11782 7229 10492 10341 8798 8718 8185 3277 1778 1001 0 9960 9336 
19584 9501 6511 8452 11404 8398 6135 4557 3990 3180 3414 2856 3006 2800 728 830 13237 9175 10961 9960 0 623 
18960 8877 5846 7828 10780 7775 5511 4569 4001 3803 3425 2868 3018 2811 739 206 12613 8552 10337 9336 623 0 
0 11075 11304 12124 22989 22472 14002 22071 21018 21607 24115 23557 23707 22589 23936 24907 22333 26554 23891 24892 24665 24676 
11075 0 338 1049 5210 4113 2926 4829 8859 7840 5334 5891 6041 6860 7668 7825 9244 4909 7685 6591 8396 7644 
11304 338 0 370 4554 3456 1822 4490 6582 5563 3057 3615 3765 4583 5391 5549 8139 3804 6581 5486 6119 5368 
12124 1049 370 0 4183 3086 1877 4861 7810 6791 4285 4842 4992 5811 6619 6776 8195 3860 6636 5542 7347 6595 
22989 5210 4554 4183 0 1997 5351 11887 11809 10790 8284 8842 8992 9810 10618 10776 4759 3368 4167 3166 11347 10595 
22472 4113 3456 3086 1997 0 3133 9670 9592 8573 6067 6625 6775 7593 8401 8559 5390 1151 3832 2929 9129 8378 
14002 2926 1822 1877 5351 3133 0 6536 6458 5439 2933 3491 3641 4459 5267 5425 6317 1982 4759 3664 5995 5244 
22071 4829 4490 4861 11887 9670 6536 0 1581 2171 4007 3450 2058 2481 3829 4799 13282 8947 11723 10629 4557 4569 
21018 8859 6582 7810 11809 9592 6458 1581 0 589 3440 2882 3032 1914 3262 4232 12714 8380 11156 10061 3481 4001 
21607 7840 5563 6791 10790 8573 5439 2171 589 0 3698 3140 3290 2172 2770 3740 12972 8637 11414 10319 2891 3509 
24115 5334 3057 4285 8284 6067 2933 4007 3440 3698 0 557 707 1525 2686 2781 9274 4939 7716 6621 3414 2600 
23557 5891 3615 4842 8842 6625 3491 3450 2882 3140 557 0 150 968 2128 2223 9832 5497 8273 7179 2856 2043 
23707 6041 3765 4992 8992 6775 3641 2058 3032 3290 707 150 0 1118 2278 2374 9982 5647 8423 7329 3006 2193 
22589 6860 4583 5811 9810 7593 4459 2481 1914 2172 1525 968 1118 0 1848 2818 10800 6465 9241 8147 2576 2587 
23936 7668 5391 6619 10618 8401 5267 3829 3262 2770 2686 2128 2278 1848 0 970 14800 7273 13242 8955 728 739 
24907 7825 5549 6776 10776 8559 5425 4799 4232 3740 2781 2223 2374 2818 970 0 13830 7563 12271 13272 830 206 
22333 9244 8139 8195 4759 5390 6317 13282 12714 12972 9274 9832 9982 10800 14800 13830 0 4221 1558 2559 14653 14029 
26554 4909 3804 3860 3368 1151 1982 8947 8380 8637 4939 5497 5647 6465 7273 7563 4221 0 2681 1778 7978 7227 
23891 7685 6581 6636 4167 3832 4759 11723 11156 11414 7716 8273 8423 9241 13242 12271 1558 2681 0 1001 13094 12471 
24892 6591 5486 5542 3166 2929 3664 10629 10061 10319 6621 7179 7329 8147 8955 13272 2559 1778 1001 0 14095 13472 
24665 8396 6119 7347 11347 9129 5995 4557 3481 2891 3414 2856 3006 2576 728 830 14653 7978 13094 14095 0 623 
24676 7644 5368 6595 10595 8378 5244 4569 4001 3509 2600 2043 2193 2587 739 206 14029 7227 12471 13472 623 0 
0 10882 12614 12030 13844 16247 13781 15047 16629 20375 16050 16608 16338 17328 18384 18542 28500 17398 18682 17681 19396 18748 
10882 0 338 1049 7292 5294 2160 6151 5966 8754 4429 4986 5128 5954 6762 6920 15113 4143 6859 5858 7774 7126 
12614 338 0 370 6953 4955 1822 5812 5627 8415 4090 4647 4789 5616 6424 6581 8313 3804 6520 5519 7435 6788 
12030 1049 370 0 5292 3112 1877 4865 5997 8829 4504 5061 5203 6030 6838 6995 15080 3860 6576 5575 7849 7202 
13844 7292 6953 5292 0 1997 5131 9341 11955 12390 8065 8622 8764 9590 10398 10436 5550 3148 4432 3431 11290 10642 
16247 5294 4955 3112 1997 0 3133 6960 9958 10392 6067 6625 6766 7593 8401 8439 6857 1151 4136 3135 9293 8645 
13781 2160 1822 1877 5131 3133 0 6671 6824 7258 2933 3491 3632 4459 5267 5305 6491 1982 4698 3697 6159 5511 
15047 6151 5812 4865 9341 6960 6671 0 1581 2171 2653 2104 1954 2041 3052 3297 14163 9655 12370 11369 3780 3503 
16629 5966 5627 5997 11955 9958 6824 1581 0 589 3890 3341 3191 1914 3262 4658 15401 10892 13608 12607 4550 4001 
20375 8754 8415 8829 12390 10392 7258 2171 589 0 4148 3599 3449 2172 3519 4915 15658 11150 13866 12865 4807 4259 
16050 4429 4090 4504 8065 6067 2933 2653 3890 4148 0 557 699 1525 3077 3235 11510 7002 9717 8716 4089 3441 
16608 4986 4647 5061 8622 6625 3491 2104 3341 3599 557 0 150 968 2402 2647 12067 7559 10275 9274 3130 2853 
16338 5128 4789 5203 8764 6766 3632 1954 3191 3449 699 150 0 1110 2120 2365 12209 7701 10416 9415 2849 2572 
17328 5954 5616 6030 9590 7593 4459 2041 1914 2172 1525 968 1110 0 1848 2167 13036 8527 11243 10242 3136 2587 
18384 6762 6424 6838 10398 8401 5267 3052 3262 3519 3077 2402 2120 1848 0 970 13844 9336 12051 11050 728 739 
18542 6920 6581 6995 10436 8439 5305 3297 4658 4915 3235 2647 2365 2167 970 0 14089 9581 10830 11295 854 206 
28500 15113 8313 15080 5550 6857 6491 14163 15401 15658 11510 12067 12209 13036 13844 14089 0 4508 1558 2794 12650 12003 
17398 4143 3804 3860 3148 1151 1982 9655 10892 11150 7002 7559 7701 8527 9336 9581 4508 0 2715 1714 8142 7494 
18682 6859 6520 6576 4432 4136 4698 12370 13608 13866 9717 10275 10416 11243 12051 10830 1558 2715 0 1001 10857 10209 
17681 5858 5519 5575 3431 3135 3697 11369 12607 12865 8716 9274 9415 10242 11050 11295 2794 1714 1001 0 9856 9208 
19396 7774 7435 7849 11290 9293 6159 3780 4550 4807 4089 3130 2849 3136 728 854 12650 8142 10857 9856 0 623 
18748 7126 6788 7202 10642 8645 5511 3503 4001 4259 3441 2853 2572 2587 739 206 12003 7494 10209 9208 623 0 
0 11075 11304 12124 28050 27533 14002 22071 21018 21607 24115 23557 23707 22589 23936 24907 27394 31615 28953 29954 24665 24676 
11075 0 338 1049 5210 4113 2926 4829 8859 7840 5334 5891 6041 6860 7668 7959 9244 4909 7685 6591 8396 7778 
11304 338 0 370 4554 3456 1822 4490 5490 5563 3057 3615 3765 4583 5391 5682 8139 3804 6581 5486 6119 5501 
12124 1049 370 0 4183 3086 1877 4861 7810 6791 4285 4842 4992 5811 6619 6910 8195 3860 6636 5542 7347 6729 
28050 5210 4554 4183 0 1997 5351 11887 11809 10790 8284 8842 8992 9810 10618 10909 4759 3368 4505 3166 11347 10729 
27533 4113 3456 3086 1997 0 3133 9670 9592 8573 6067 6625 6775 7593 8401 8692 5390 1151 3832 2834 9129 8511 
14002 2926 1822 1877 5351 3133 0 6536 6458 5439 2933 3491 3641 4459 5267 5558 6317 1982 4759 3664 5995 5377 
22071 4829 4490 4861 11887 9670 6536 0 1581 2171 4007 3450 1954 2481 3829 4799 13282 8947 11723 10629 4557 4569 
21018 8859 5490 7810 11809 9592 6458 1581 0 589 3440 2882 3032 1914 3262 4232 12714 8380 11156 10061 3990 4001 
21607 7840 5563 6791 10790 8573 5439 2171 589 0 3698 3140 3290 2172 3519 4490 12972 8637 11414 10319 4248 4259 
24115 5334 3057 4285 8284 6067 2933 4007 3440 3698 0 557 707 1525 3077 3368 9274 4939 7716 6621 3805 3187 
23557 5891 3615 4842 8842 6625 3491 3450 2882 3140 557 0 150 968 2402 2693 9832 5497 8273 7179 3130 2512 
23707 6041 3765 4992 8992 6775 3641 1954 3032 3290 707 150 0 1118 2552 2843 9982 5647 8423 7329 3280 2662 
22589 6860 4583 5811 9810 7593 4459 2481 1914 2172 1525 968 1118 0 1848 2818 10800 6465 9241 8147 2576 2587 
23936 7668 5391 6619 10618 8401 5267 3829 3262 3519 3077 2402 2552 1848 0 970 11608 7273 10050 8955 728 739 
24907 7959 5682 6910 10909 8692 5558 4799 4232 4490 3368 2693 2843 2818 970 0 14308 7563 12750 13751 830 206 
27394 9244 8139 8195 4759 5390 6317 13282 12714 12972 9274 9832 9982 10800 11608 14308 0 4221 1558 2559 15131 14508 
31615 4909 3804 3860 3368 1151 1982 8947 8380 8637 4939 5497 5647 6465 7273 7563 4221 0 2681 1683 7978 7360 
28953 7685 6581 6636 4505 3832 4759 11723 11156 11414 7716 8273 8423 9241 10050 12750 1558 2681 0 1001 13573 12949 
29954 6591 5486 5542 3166 2834 3664 10629 10061 10319 6621 7179 7329 8147 8955 13751 2559 1683 1001 0 14574 13950 
24665 8396 6119 7347 11347 9129 5995 4557 3990 4248 3805 3130 3280 2576 728 830 15131 7978 13573 14574 0 623 
24676 7778 5501 6729 10729 8511 5377 4569 4001 4259 3187 2512 2662 2587 739 206 14508 7360 12949 13950 623 0 
0 7606 8130 7695 8289 7760 8916 9195 9919 10090 9424 9368 9182 9595 11473 10568 6606 7651 8137 7251 10532 10104 
7606 0 524 493 2317 771 1714 1833 2557 2728 2062 2006 1820 2233 4111 3206 2013 912 1950 1207 3170 2742 
8130 524 0 690 2826 1280 2223 1309 2033 2204 1538 1482 1296 1709 3587 2682 2522 1421 2459 1716 2646 2218 
7695 493 690 0 2348 802 1745 1586 2310 2481 1815 1759 1573 1986 3864 2959 2044 943 1981 1238 2923 2495 
8289 2317 2826 2348 0 770 2663 3698 4422 4593 3461 3526 3650 3872 5478 4505 1372 661 1452 566 4469 4041 
7760 771 1280 802 770 0 2186 3084 3808 3979 2847 2912 3036 3258 4864 3891 1434 333 1371 628 3855 3427 
8916 1714 2223 1745 2663 2186 0 3160 3884 3271 2068 2133 2257 2479 4085 3112 2149 1048 1923 1343 3076 2648 
9195 1833 1309 1586 3698 3084 3160 0 1474 1232 1227 1171 1054 847 2871 2114 4033 3040 3630 3227 2070 1650 
9919 2557 2033 2310 4422 3808 3884 1474 0 171 2202 2146 2332 1587 3611 3034 5008 4015 4605 4202 2798 2625 
10090 2728 2204 2481 4593 3979 3271 1232 171 0 2750 2694 2880 2135 3540 2863 5556 4563 5153 4750 2627 2810 
9424 2062 1538 1815 3461 2847 2068 1227 2202 2750 0 65 189 411 2117 1144 2806 1813 2403 2000 1108 680 
9368 2006 1482 1759 3526 2912 2133 1171 2146 2694 65 0 186 346 2173 1200 2862 1869 2459 2056 1164 736 
9182 1820 1296 1573 3650 3036 2257 1054 2332 2880 189 186 0 413 2291 1386 3048 2055 2645 2242 1350 922 
9595 2233 1709 1986 3872 3258 2479 847 1587 2135 411 346 413 0 2357 1502 3421 2428 3018 2615 1466 1038 
11473 4111 3587 3864 5478 4864 4085 2871 3611 3540 2117 2173 2291 2357 0 961 3896 2903 3493 3090 288 152 
10568 3206 2682 2959 4505 3891 3112 2114 3034 2863 1144 1200 1386 1502 961 0 3904 2911 3501 3098 588 160 
6606 2013 2522 2044 1372 1434 2149 4033 5008 5556 2806 2862 3048 3421 3896 3904 0 1045 1531 645 4853 4425 
7651 912 1421 943 661 333 1048 3040 4015 4563 1813 1869 2055 2428 2903 2911 1045 0 1076 333 3808 3380 
8137 1950 2459 1981 1452 1371 1923 3630 4605 5153 2403 2459 2645 3018 3493 3501 1531 1076 0 128 4336 3908 
7251 1207 1716 1238 566 628 1343 3227 4202 4750 2000 2056 2242 2615 3090 3098 645 333 128 0 4208 3780 
10532 3170 2646 2923 4469 3855 3076 2070 2798 2627 1108 1164 1350 1466 288 588 4853 3808 4336 4208 0 723 
10104 2742 2218 2495 4041 3427 2648 1650 2625 2810 680 736 922 1038 152 160 4425 3380 3908 3780 723 0 
0 13923 15154 14221 18113 18543 17343 21508 24615 25585 21384 22011 21505 23093 23696 23204 19845 19097 19209 18387 23757 23472 
13923 0 1256 298 4688 5055 3855 9451 12630 12149 7877 8504 7998 9657 10189 9716 6759 5609 5784 4962 10269 9984 
15154 1256 0 1134 5524 5891 4691 9687 12866 12385 8113 8740 8234 9893 10425 10552 7595 6445 6620 5798 10642 10495 
14221 298 1134 0 4390 4757 3557 9153 12332 11851 7579 8206 7700 9359 9891 9418 6461 5311 5486 4664 9971 9686 
18113 4688 5524 4390 0 3937 8589 15057 18236 17755 13483 14110 13604 15263 15031 14450 4264 5014 4246 3424 15003 14718 
18543 5055 5891 4757 3937 0 7293 14000 17179 16698 12426 13053 12547 14206 13735 13154 4659 3281 3684 2862 13707 13422 
17343 3855 4691 3557 8589 7293 0 9316 11485 9466 6956 8038 8544 7633 6442 5861 8576 4977 7601 6779 6414 6129 
21508 9451 9687 9153 15057 14000 9316 0 3179 4374 6187 5797 5291 5491 5582 6435 15556 14406 14581 13759 5799 5859 
24615 12630 12866 12332 18236 17179 11485 3179 0 1195 7854 5909 6415 5308 5094 5947 17327 14965 16352 15530 5311 5371 
25585 12149 12385 11851 17755 16698 9466 4374 1195 0 8121 6176 6682 5575 4551 5416 16893 14531 15918 15096 4385 4693 
21384 7877 8113 7579 13483 12426 6956 6187 7854 8121 0 1366 1863 2531 3168 3809 11864 9060 10889 10067 3385 3445 
22011 8504 8740 8206 14110 13053 8038 5797 5909 6176 1366 0 506 1165 1802 2443 12897 11005 11922 11100 2019 2079 
21505 7998 8234 7700 13604 12547 8544 5291 6415 6682 1863 506 0 1671 2308 2949 12391 10965 11416 10594 2525 2585 
23093 9657 9893 9359 15263 14206 7633 5491 5308 5575 2531 1165 1671 0 1771 2412 13792 11430 12817 11995 1988 2048 
23696 10189 10425 9891 15031 13735 6442 5582 5094 4551 3168 1802 2308 1771 0 1000 12477 10115 11502 10680 217 277 
23204 9716 10552 9418 14450 13154 5861 6435 5947 5416 3809 2443 2949 2412 1000 0 12468 10106 11493 10671 553 268 
19845 6759 7595 6461 4264 4659 8576 15556 17327 16893 11864 12897 12391 13792 12477 12468 0 4128 3179 2357 15481 15196 
19097 5609 6445 5311 5014 3281 4977 14406 14965 14531 9060 11005 10965 11430 10115 10106 4128 0 3326 2504 12899 12614 
19209 5784 6620 5486 4246 3684 7601 14581 16352 15918 10889 11922 11416 12817 11502 11493 3179 3326 0 626 13750 13465 
18387 4962 5798 4664 3424 2862 6779 13759 15530 15096 10067 11100 10594 11995 10680 10671 2357 2504 626 0 13124 12839 
23757 10269 10642 9971 15003 13707 6414 5799 5311 4385 3385 2019 2525 1988 217 553 15481 12899 13750 13124 0 308 
23472 9984 10495 9686 14718 13422 6129 5859 5371 4693 3445 2079 2585 2048 277 268 15196 12614 13465 12839 308 0 
0 45473 46857 49526 69011 66868 61965 58724 56117 58663 67551 64935 66457 59571 64925 69160 46845 64520 51082 55846 67218 67484 
45473 0 3117 4053 47038 29763 16492 39574 43262 39913 26345 28961 30483 34325 38444 41323 41308 27972 37071 36914 40737 39613 
46857 3117 0 4703 47833 30558 16194 36457 42268 38919 25351 27967 29489 33331 37450 40329 41010 27674 36773 36616 39743 38619 
49526 4053 4703 0 43130 25855 12439 41160 39209 35860 22292 24908 26430 30272 34391 37270 37255 23919 33018 32861 36684 35560 
69011 47038 47833 43130 0 20972 36841 68767 66487 63138 49570 52186 53708 57550 61669 64548 28415 25360 28292 23528 63962 62838 
66868 29763 30558 25855 20972 0 19780 51706 49426 46077 32509 35125 36647 40489 44608 47487 25814 8299 21577 18305 46901 45777 
61965 16492 16194 12439 36841 19780 0 31926 29646 26297 12729 15345 16867 20709 24828 27707 24816 11480 20579 20422 27121 25997 
58724 39574 36457 41160 68767 51706 31926 0 10566 13112 20206 17590 17453 12226 17580 21815 55870 42534 51633 51476 19873 20139 
56117 43262 42268 39209 66487 49426 29646 10566 0 2546 15726 13110 14632 7746 13100 17335 51390 38054 47153 46996 15359 15659 
58663 39913 38919 35860 63138 46077 26297 13112 2546 0 15250 12634 14156 7270 12566 16801 50914 37578 46677 46520 12813 15125 
67551 26345 25351 22292 49570 32509 12729 20206 15726 15250 0 2616 4138 7980 14230 18069 35664 22328 31427 31270 16523 16359 
64935 28961 27967 24908 52186 35125 15345 17590 13110 12634 2616 0 1522 5364 11614 15453 38280 24944 34043 33886 13907 13743 
66457 30483 29489 26430 53708 36647 16867 17453 14632 14156 4138 1522 0 6886 13136 16975 39802 26466 35565 35408 15429 15265 
59571 34325 33331 30272 57550 40489 20709 12226 7746 7270 7980 5364 6886 0 8364 12599 43644 30308 39407 39250 10657 10923 
64925 38444 37450 34391 61669 44608 24828 17580 13100 12566 14230 11614 13136 8364 0 4235 45398 34428 41161 43370 2293 2559 
69160 41323 40329 37270 64548 47487 27707 21815 17335 16801 18069 15453 16975 12599 4235 0 41163 36349 36926 41690 3869 1422 
46845 41308 41010 37255 28415 25814 24816 55870 51390 50914 35664 38280 39802 43644 45398 41163 0 17675 4237 9001 44581 42134 
64520 27972 27674 23919 25360 8299 11480 42534 38054 37578 22328 24944 26466 30308 34428 36349 17675 0 13278 10006 38602 37478 
51082 37071 36773 33018 28292 21577 20579 51633 47153 46677 31427 34043 35565 39407 41161 36926 4237 13278 0 4764 40344 37897 
55846 36914 36616 32861 23528 18305 20422 51476 46996 46520 31270 33886 35408 39250 43370 41690 9001 10006 4764 0 45108 42661 
67218 40737 39743 36684 63962 46901 27121 19873 15359 12813 16523 13907 15429 10657 2293 3869 44581 38602 40344 45108 0 2447 
67484 39613 38619 35560 62838 45777 25997 20139 15659 15125 16359 13743 15265 10923 2559 1422 42134 37478 37897 42661 2447 0 
0 83762 81006 88425 89361 94691 97465 100933 121909 135661 99905 103386 103134 125561 118834 116999 112648 99602 113233 100814 125884 120459 
83762 0 4166 15189 55925 41006 25535 50623 68096 73034 37278 40759 41678 63256 56207 54372 75735 36174 66004 53585 63257 57832 
81006 4166 0 11136 51759 36840 21369 46457 63930 68868 33112 36593 37512 59090 52041 50206 79597 32008 61838 49419 59091 53666 
88425 15189 11136 0 49626 35391 22210 56477 71460 75711 39955 43436 44355 65933 58884 57049 76273 32849 62679 50260 65934 60509 
89361 55925 51759 49626 0 14023 31908 85270 97504 99224 63468 66949 67868 89446 82397 70705 40935 18934 32565 20146 79590 74165 
94691 41006 36840 35391 14023 0 17885 73274 83481 85201 49445 52926 53845 75423 68374 56682 46876 4911 30340 17921 65567 60142 
97465 25535 21369 22210 31908 17885 0 56873 65596 67316 31560 35041 35960 57538 50489 38797 58228 10639 40469 28050 47682 42257 
100933 50623 46457 56477 85270 73274 56873 0 20976 35071 13726 10449 8504 27371 28275 29134 101689 54100 83930 71511 36453 32594 
121909 68096 63930 71460 97504 83481 65596 20976 0 14095 32295 29018 27073 28088 30426 38330 120258 72669 102499 90080 37226 40402 
135661 73034 68868 75711 99224 85201 67316 35071 14095 0 35486 32209 30264 31279 33617 41521 123449 75860 105690 93271 40417 43593 
99905 37278 33112 39955 63468 49445 31560 13726 32295 35486 0 3481 4400 25978 22370 20535 87963 40374 70204 57785 29420 23995 
103386 40759 36593 43436 66949 52926 35041 10449 29018 32209 3481 0 1945 22497 22796 23655 92857 45268 75098 62679 30974 27115 
103134 41678 37512 44355 67868 53845 35960 8504 27073 30264 4400 1945 0 23463 24367 25226 93185 45596 75426 63007 32545 28686 
125561 63256 59090 65933 89446 75423 57538 27371 28088 31279 25978 22497 23463 0 22745 30235 108117 60528 90358 77939 29545 32721 
118834 56207 52041 58884 82397 68374 50489 28275 30426 33617 22370 22796 24367 22745 0 11277 105100 57511 87341 74922 8178 9976 
116999 54372 50206 57049 70705 56682 38797 29134 38330 41521 20535 23655 25226 30235 11277 0 106301 58712 85995 76123 8885 3460 
112648 75735 79597 76273 40935 46876 58228 101689 120258 123449 87963 92857 93185 108117 105100 106301 0 51285 27996 31502 111941 106516 
99602 36174 32008 32849 18934 4911 10639 54100 72669 75860 40374 45268 45596 60528 57511 58712 51285 0 29830 17411 60656 55231 
113233 66004 61838 62679 32565 30340 40469 83930 102499 105690 70204 75098 75426 90358 87341 85995 27996 29830 0 12587 93026 87601 
100814 53585 49419 50260 20146 17921 28050 71511 90080 93271 57785 62679 63007 77939 74922 76123 31502 17411 12587 0 80439 75014 
125884 63257 59091 65934 79590 65567 47682 36453 37226 40417 29420 30974 32545 29545 8178 8885 111941 60656 93026 80439 0 8078 
120459 57832 53666 60509 74165 60142 42257 32594 40402 43593 23995 27115 28686 32721 9976 3460 106516 55231 87601 75014 8078 0 
0 116121 121121 128323 183039 168841 164874 158144 147702 155432 185090 177554 182862 160952 176838 191130 121456 173715 136779 147573 184751 185860 
116121 0 9531 12202 128172 83102 48753 107211 125186 121292 77178 84714 90022 101316 109388 119218 124038 80233 108715 106604 117301 113020 
121121 9531 0 15902 131951 86881 48596 97680 121996 120343 76229 83765 89073 100367 108439 118269 123881 80076 108558 106447 116352 112071 
128323 12202 15902 0 116049 70979 36551 113582 112984 109090 64976 72512 77820 89114 97186 107016 111836 68031 96513 94402 105099 100818 
183039 128172 131951 116049 0 58206 101058 190630 185984 182090 137976 145512 150820 162114 170186 180016 74566 69577 75237 65019 178099 173818 
168841 83102 86881 70979 58206 0 51276 140848 136202 132308 88194 95730 101038 112332 120404 130234 71687 19795 56364 49067 128317 124036 
164874 48753 48596 36551 101058 51276 0 89572 84926 81032 36918 44454 49762 61056 69128 78958 75285 31480 59962 57851 77041 72760 
158144 107211 97680 113582 190630 140848 89572 0 26469 34199 57986 50450 47210 33848 49734 64026 164196 120391 148873 146762 57647 58756 
147702 125186 121996 112984 185984 136202 84926 26469 0 7730 46571 39035 44343 22433 38319 52611 152781 108976 137458 135347 46232 47341 
155432 121292 120343 109090 182090 132308 81032 34199 7730 0 45855 38319 43627 21717 37603 51895 152065 108260 136742 134631 45516 46625 
185090 77178 76229 64976 137976 88194 36918 57986 46571 45855 0 7536 12844 24138 41012 50842 106210 62405 90887 88776 48925 44644 
177554 84714 83765 72512 145512 95730 44454 50450 39035 38319 7536 0 5308 16602 33883 43713 113746 69941 98423 96312 41796 37515 
182862 90022 89073 77820 150820 101038 49762 47210 44343 43627 12844 5308 0 21910 39191 49021 119054 75249 103731 101620 47104 42823 
160952 101316 100367 89114 162114 112332 61056 33848 22433 21717 24138 16602 21910 0 27020 41312 130348 86543 115025 112914 34933 36042 
176838 109388 108439 97186 170186 120404 69128 49734 38319 37603 41012 33883 39191 27020 0 14292 138422 94617 123099 120988 7913 9022 
191130 119218 118269 107016 180016 130234 78958 64026 52611 51895 50842 43713 49021 41312 14292 0 124732 100479 109409 120203 14040 4688 
121456 124038 123881 111836 74566 71687 75285 164196 152781 152065 106210 113746 119054 130348 138422 124732 0 52259 15323 26117 135865 126513 
173715 80233 80076 68031 69577 19795 31480 120391 108976 108260 62405 69941 75249 86543 94617 100479 52259 0 36569 29272 108522 104241 
136779 108715 108558 96513 75237 56364 59962 148873 137458 136742 90887 98423 103731 115025 123099 109409 15323 36569 0 10794 120542 111190 
147573 106604 106447 94402 65019 49067 57851 146762 135347 134631 88776 96312 101620 112914 120988 120203 26117 29272 10794 0 131336 121984 
184751 117301 116352 105099 178099 128317 77041 57647 46232 45516 48925 41796 47104 34933 7913 14040 135865 108522 120542 131336 0 9352 
185860 113020 112071 100818 173818 124036 72760 58756 47341 46625 44644 37515 42823 36042 9022 4688 126513 104241 111190 121984 9352 0 
